31.82 	15.89 	10.58 	7.92 	6.31 	5.24 	4.47 	3.89 	3.44 	3.08 	2.78 	2.53 	2.31 	2.13 	1.96 	1.82 	1.69 	1.58 	1.47 	1.38 	1.29 	1.21 	1.13 	1.06 	1.00 	0.94 	0.88 	0.83 	0.78 	0.73 	0.68 	0.63 	0.59 	0.55 	0.51 	0.47 	0.43 	0.40 	0.36 	0.32 	0.29 	0.26 	0.22 	0.19 	0.16 	0.13 	0.09 	0.06 	0.03 	0.00
6.96 	4.85 	3.90 	3.32 	2.92 	2.62 	2.38 	2.19 	2.03 	1.89 	1.76 	1.65 	1.56 	1.47 	1.39 	1.31 	1.24 	1.18 	1.12 	1.06 	1.01 	0.96 	0.91 	0.86 	0.82 	0.77 	0.73 	0.69 	0.65 	0.62 	0.58 	0.55 	0.51 	0.48 	0.44 	0.41 	0.38 	0.35 	0.32 	0.29 	0.26 	0.23 	0.20 	0.17 	0.14 	0.11 	0.09 	0.06 	0.03 	0.00
4.54 	3.48 	2.95 	2.61 	2.35 	2.16 	2.00 	1.86 	1.74 	1.64 	1.55 	1.46 	1.39 	1.31 	1.25 	1.19 	1.13 	1.08 	1.03 	0.98 	0.93 	0.89 	0.85 	0.80 	0.76 	0.73 	0.69 	0.65 	0.62 	0.58 	0.55 	0.52 	0.49 	0.46 	0.42 	0.39 	0.36 	0.33 	0.31 	0.28 	0.25 	0.22 	0.19 	0.16 	0.14 	0.11 	0.08 	0.05 	0.03 	0.00
3.75 	3.00 	2.60 	2.33 	2.13 	1.97 	1.84 	1.72 	1.62 	1.53 	1.45 	1.38 	1.31 	1.25 	1.19 	1.13 	1.08 	1.03 	0.99 	0.94 	0.90 	0.86 	0.82 	0.78 	0.74 	0.70 	0.67 	0.63 	0.60 	0.57 	0.54 	0.51 	0.47 	0.44 	0.41 	0.38 	0.36 	0.33 	0.30 	0.27 	0.24 	0.22 	0.19 	0.16 	0.13 	0.11 	0.08 	0.05 	0.03 	0.00
3.36 	2.76 	2.42 	2.19 	2.02 	1.87 	1.75 	1.65 	1.56 	1.48 	1.40 	1.33 	1.27 	1.21 	1.16 	1.10 	1.05 	1.01 	0.96 	0.92 	0.88 	0.84 	0.80 	0.76 	0.73 	0.69 	0.66 	0.62 	0.59 	0.56 	0.53 	0.50 	0.47 	0.44 	0.41 	0.38 	0.35 	0.32 	0.29 	0.27 	0.24 	0.21 	0.19 	0.16 	0.13 	0.11 	0.08 	0.05 	0.03 	0.00
3.14 	2.61 	2.31 	2.10 	1.94 	1.81 	1.70 	1.60 	1.52 	1.44 	1.37 	1.30 	1.24 	1.19 	1.13 	1.08 	1.04 	0.99 	0.95 	0.91 	0.87 	0.83 	0.79 	0.75 	0.72 	0.68 	0.65 	0.62 	0.58 	0.55 	0.52 	0.49 	0.46 	0.43 	0.40 	0.38 	0.35 	0.32 	0.29 	0.26 	0.24 	0.21 	0.18 	0.16 	0.13 	0.10 	0.08 	0.05 	0.03 	0.00
3.00 	2.52 	2.24 	2.05 	1.89 	1.77 	1.66 	1.57 	1.49 	1.41 	1.35 	1.28 	1.23 	1.17 	1.12 	1.07 	1.02 	0.98 	0.94 	0.90 	0.86 	0.82 	0.78 	0.75 	0.71 	0.68 	0.64 	0.61 	0.58 	0.55 	0.52 	0.49 	0.46 	0.43 	0.40 	0.37 	0.35 	0.32 	0.29 	0.26 	0.24 	0.21 	0.18 	0.16 	0.13 	0.10 	0.08 	0.05 	0.03 	0.00
2.90 	2.45 	2.19 	2.00 	1.86 	1.74 	1.64 	1.55 	1.47 	1.40 	1.33 	1.27 	1.21 	1.16 	1.11 	1.06 	1.01 	0.97 	0.93 	0.89 	0.85 	0.81 	0.78 	0.74 	0.71 	0.67 	0.64 	0.61 	0.58 	0.55 	0.52 	0.49 	0.46 	0.43 	0.40 	0.37 	0.34 	0.32 	0.29 	0.26 	0.24 	0.21 	0.18 	0.16 	0.13 	0.10 	0.08 	0.05 	0.03 	0.00
2.82 	2.40 	2.15 	1.97 	1.83 	1.72 	1.62 	1.53 	1.45 	1.38 	1.32 	1.26 	1.20 	1.15 	1.10 	1.05 	1.01 	0.96 	0.92 	0.88 	0.85 	0.81 	0.77 	0.74 	0.70 	0.67 	0.64 	0.61 	0.57 	0.54 	0.51 	0.48 	0.45 	0.43 	0.40 	0.37 	0.34 	0.31 	0.29 	0.26 	0.23 	0.21 	0.18 	0.16 	0.13 	0.10 	0.08 	0.05 	0.03 	0.00
2.76 	2.36 	2.12 	1.95 	1.81 	1.70 	1.60 	1.52 	1.44 	1.37 	1.31 	1.25 	1.19 	1.14 	1.09 	1.05 	1.00 	0.96 	0.92 	0.88 	0.84 	0.80 	0.77 	0.73 	0.70 	0.67 	0.63 	0.60 	0.57 	0.54 	0.51 	0.48 	0.45 	0.42 	0.40 	0.37 	0.34 	0.31 	0.29 	0.26 	0.23 	0.21 	0.18 	0.15 	0.13 	0.10 	0.08 	0.05 	0.03 	0.00
2.72 	2.33 	2.10 	1.93 	1.80 	1.69 	1.59 	1.51 	1.43 	1.36 	1.30 	1.24 	1.19 	1.14 	1.09 	1.04 	1.00 	0.96 	0.91 	0.88 	0.84 	0.80 	0.77 	0.73 	0.70 	0.66 	0.63 	0.60 	0.57 	0.54 	0.51 	0.48 	0.45 	0.42 	0.40 	0.37 	0.34 	0.31 	0.29 	0.26 	0.23 	0.21 	0.18 	0.15 	0.13 	0.10 	0.08 	0.05 	0.03 	0.00
2.68 	2.30 	2.08 	1.91 	1.78 	1.67 	1.58 	1.50 	1.42 	1.36 	1.29 	1.24 	1.18 	1.13 	1.08 	1.04 	0.99 	0.95 	0.91 	0.87 	0.84 	0.80 	0.76 	0.73 	0.70 	0.66 	0.63 	0.60 	0.57 	0.54 	0.51 	0.48 	0.45 	0.42 	0.39 	0.37 	0.34 	0.31 	0.29 	0.26 	0.23 	0.21 	0.18 	0.15 	0.13 	0.10 	0.08 	0.05 	0.03 	0.00
2.65 	2.28 	2.06 	1.90 	1.77 	1.66 	1.57 	1.49 	1.42 	1.35 	1.29 	1.23 	1.18 	1.13 	1.08 	1.03 	0.99 	0.95 	0.91 	0.87 	0.83 	0.80 	0.76 	0.73 	0.69 	0.66 	0.63 	0.60 	0.57 	0.54 	0.51 	0.48 	0.45 	0.42 	0.39 	0.37 	0.34 	0.31 	0.29 	0.26 	0.23 	0.21 	0.18 	0.15 	0.13 	0.10 	0.08 	0.05 	0.03 	0.00
2.62 	2.26 	2.05 	1.89 	1.76 	1.66 	1.56 	1.48 	1.41 	1.35 	1.28 	1.23 	1.17 	1.12 	1.08 	1.03 	0.99 	0.95 	0.91 	0.87 	0.83 	0.79 	0.76 	0.73 	0.69 	0.66 	0.63 	0.60 	0.57 	0.54 	0.51 	0.48 	0.45 	0.42 	0.39 	0.37 	0.34 	0.31 	0.28 	0.26 	0.23 	0.21 	0.18 	0.15 	0.13 	0.10 	0.08 	0.05 	0.03 	0.00
2.60 	2.25 	2.03 	1.88 	1.75 	1.65 	1.56 	2.60 	1.41 	1.34 	1.28 	1.22 	1.17 	1.12 	1.07 	2.60 	0.99 	0.94 	0.90 	0.87 	0.83 	0.79 	0.76 	2.60 	0.69 	0.66 	0.63 	0.60 	0.57 	0.54 	0.51 	2.60 	0.45 	0.42 	0.39 	0.37 	0.34 	0.31 	0.28 	2.60 	0.23 	0.21 	0.18 	0.15 	0.13 	0.10 	0.08 	2.60 	0.03 	0.00
2.58 	2.24 	2.02 	1.87 	1.75 	1.64 	1.55 	1.47 	1.40 	1.34 	1.28 	1.22 	1.17 	1.12 	1.07 	1.03 	0.98 	0.94 	0.90 	0.86 	0.83 	0.79 	0.76 	0.72 	0.69 	0.66 	0.63 	0.60 	0.56 	0.54 	0.51 	0.48 	0.45 	0.42 	0.39 	0.36 	0.34 	0.31 	0.28 	0.26 	0.23 	0.21 	0.18 	0.15 	0.13 	0.10 	0.08 	0.05 	0.03 	0.00
2.57 	2.22 	2.02 	1.86 	1.74 	1.64 	1.55 	1.47 	1.40 	1.33 	1.27 	1.22 	1.17 	1.12 	1.07 	1.02 	0.98 	0.94 	0.90 	0.86 	0.83 	0.79 	0.76 	0.72 	0.69 	0.66 	0.63 	0.59 	0.56 	0.53 	0.51 	0.48 	0.45 	0.42 	0.39 	0.36 	0.34 	0.31 	0.28 	0.26 	0.23 	0.21 	0.18 	0.15 	0.13 	0.10 	0.08 	0.05 	0.03 	0.00
2.55 	2.21 	2.01 	2.55 	1.73 	1.63 	1.54 	2.55 	1.39 	1.33 	1.27 	2.55 	1.16 	1.11 	1.07 	2.55 	0.98 	0.94 	0.90 	2.55 	0.83 	0.79 	0.76 	2.55 	0.69 	0.66 	0.62 	2.55 	0.56 	0.53 	0.50 	2.55 	0.45 	0.42 	0.39 	2.55 	0.34 	0.31 	0.28 	2.55 	0.23 	0.20 	0.18 	2.55 	0.13 	0.10 	0.08 	2.55 	0.03 	0.00
2.54 	2.20 	2.00 	1.85 	1.73 	1.63 	1.54 	1.46 	1.39 	1.33 	1.27 	1.21 	1.16 	1.11 	1.07 	1.02 	0.98 	0.94 	0.90 	0.86 	0.82 	0.79 	0.75 	0.72 	0.69 	0.66 	0.62 	0.59 	0.56 	0.53 	0.50 	0.48 	0.45 	0.42 	0.39 	0.36 	0.34 	0.31 	0.28 	0.26 	0.23 	0.20 	0.18 	0.15 	0.13 	0.10 	0.08 	0.05 	0.03 	0.00
2.53 	2.20 	1.99 	1.84 	1.72 	1.62 	1.54 	1.46 	1.39 	1.33 	1.27 	1.21 	1.16 	1.11 	1.06 	1.02 	0.98 	0.94 	0.90 	0.86 	0.82 	0.79 	0.75 	0.72 	0.69 	0.65 	0.62 	0.59 	0.56 	0.53 	0.50 	0.47 	0.45 	0.42 	0.39 	0.36 	0.34 	0.31 	0.28 	0.26 	0.23 	0.20 	0.18 	0.15 	0.13 	0.10 	0.08 	0.05 	0.03 	0.00
2.52 	2.19 	1.99 	2.52 	1.72 	1.62 	1.53 	2.52 	1.39 	1.32 	1.26 	2.52 	1.16 	1.11 	1.06 	2.52 	0.98 	0.94 	0.90 	2.52 	0.82 	0.79 	0.75 	2.52 	0.69 	0.65 	0.62 	2.52 	0.56 	0.53 	0.50 	2.52 	0.45 	0.42 	0.39 	2.52 	0.34 	0.31 	0.28 	2.52 	0.23 	0.20 	0.18 	2.52 	0.13 	0.10 	0.08 	2.52 	0.03 	0.00
2.51 	2.18 	1.98 	1.84 	1.72 	1.62 	1.53 	1.45 	1.38 	1.32 	1.26 	1.21 	1.16 	1.11 	1.06 	1.02 	0.98 	0.93 	0.90 	0.86 	0.82 	0.79 	0.75 	0.72 	0.69 	0.65 	0.62 	0.59 	0.56 	0.53 	0.50 	0.47 	0.45 	0.42 	0.39 	0.36 	0.34 	0.31 	0.28 	0.26 	0.23 	0.20 	0.18 	0.15 	0.13 	0.10 	0.08 	0.05 	0.03 	0.00
2.50 	2.18 	1.98 	1.83 	1.71 	1.61 	1.53 	1.45 	1.38 	1.32 	1.26 	1.21 	1.15 	1.11 	1.06 	1.02 	0.97 	0.93 	0.90 	0.86 	0.82 	0.79 	0.75 	0.72 	0.69 	0.65 	0.62 	0.59 	0.56 	0.53 	0.50 	0.47 	0.45 	0.42 	0.39 	0.36 	0.34 	0.31 	0.28 	0.26 	0.23 	0.20 	0.18 	0.15 	0.13 	0.10 	0.08 	0.05 	0.03 	0.00
2.49 	2.17 	1.97 	2.49 	1.71 	1.61 	1.53 	2.49 	1.38 	1.32 	1.26 	2.49 	1.15 	1.11 	1.06 	2.49 	0.97 	0.93 	0.89 	2.49 	0.82 	0.79 	0.75 	2.49 	0.68 	0.65 	0.62 	2.49 	0.56 	0.53 	0.50 	2.49 	0.45 	0.42 	0.39 	2.49 	0.34 	0.31 	0.28 	2.49 	0.23 	0.20 	0.18 	2.49 	0.13 	0.10 	0.08 	2.49 	0.03 	0.00
2.49 	2.17 	1.97 	1.82 	1.71 	1.61 	1.52 	1.45 	1.38 	1.32 	1.26 	1.20 	1.15 	1.10 	1.06 	1.01 	0.97 	0.93 	0.89 	0.86 	0.82 	0.78 	0.75 	0.72 	0.68 	0.65 	0.62 	0.59 	0.56 	0.53 	0.50 	0.47 	0.45 	0.42 	0.39 	0.36 	0.34 	0.31 	0.28 	0.26 	0.23 	0.20 	0.18 	0.15 	0.13 	0.10 	0.08 	0.05 	0.03 	0.00
2.48 	2.16 	1.97 	1.82 	1.71 	1.61 	1.52 	1.45 	1.38 	1.31 	1.26 	1.20 	1.15 	1.10 	1.06 	1.01 	0.97 	0.93 	0.89 	0.86 	0.82 	0.78 	0.75 	0.72 	0.68 	0.65 	0.62 	0.59 	0.56 	0.53 	0.50 	0.47 	0.45 	0.42 	0.39 	0.36 	0.34 	0.31 	0.28 	0.26 	0.23 	0.20 	0.18 	0.15 	0.13 	0.10 	0.08 	0.05 	0.03 	0.00
2.47 	2.16 	1.96 	2.47 	1.70 	1.61 	1.52 	2.47 	1.38 	1.31 	1.26 	2.47 	1.15 	1.10 	1.06 	2.47 	0.97 	0.93 	0.89 	2.47 	0.82 	0.78 	0.75 	2.47 	0.68 	0.65 	0.62 	2.47 	0.56 	0.53 	0.50 	2.47 	0.44 	0.42 	0.39 	2.47 	0.34 	0.31 	0.28 	2.47 	0.23 	0.20 	0.18 	2.47 	0.13 	0.10 	0.08 	2.47 	0.03 	0.00
2.47 	2.15 	1.96 	1.82 	1.70 	1.60 	1.52 	1.44 	1.38 	1.31 	1.25 	1.20 	1.15 	1.10 	1.06 	1.01 	0.97 	0.93 	0.89 	0.85 	0.82 	0.78 	0.75 	0.72 	0.68 	0.65 	0.62 	0.59 	0.56 	0.53 	0.50 	0.47 	0.44 	0.42 	0.39 	0.36 	0.34 	0.31 	0.28 	0.26 	0.23 	0.20 	0.18 	0.15 	0.13 	0.10 	0.08 	0.05 	0.03 	0.00
2.46 	2.15 	1.96 	1.81 	1.70 	1.60 	1.52 	1.44 	1.37 	1.31 	1.25 	1.20 	1.15 	1.10 	1.06 	1.01 	0.97 	0.93 	0.89 	0.85 	0.82 	0.78 	0.75 	0.72 	0.68 	0.65 	0.62 	0.59 	0.56 	0.53 	0.50 	0.47 	0.44 	0.42 	0.39 	0.36 	0.34 	0.31 	0.28 	0.26 	0.23 	0.20 	0.18 	0.15 	0.13 	0.10 	0.08 	0.05 	0.03 	0.00
2.46 	2.15 	1.95 	2.46 	1.70 	1.60 	1.52 	1.44 	1.37 	1.31 	1.25 	2.46 	1.15 	1.10 	1.05 	1.01 	0.97 	0.93 	0.89 	2.46 	0.82 	0.78 	0.75 	0.72 	0.68 	0.65 	0.62 	2.46 	0.56 	0.53 	0.50 	0.47 	0.44 	0.42 	0.39 	2.46 	0.33 	0.31 	0.28 	0.26 	0.23 	0.20 	0.18 	2.46 	0.13 	0.10 	0.08 	0.05 	0.03 	0.00
2.45 	2.14 	1.95 	1.81 	1.70 	1.60 	1.51 	1.44 	1.37 	1.31 	1.25 	1.20 	1.15 	1.10 	1.05 	1.01 	0.97 	0.93 	0.89 	0.85 	0.82 	0.78 	0.75 	0.71 	0.68 	0.65 	0.62 	0.59 	0.56 	0.53 	0.50 	0.47 	0.44 	0.42 	0.39 	0.36 	0.33 	0.31 	0.28 	0.26 	0.23 	0.20 	0.18 	0.15 	0.13 	0.10 	0.08 	0.05 	0.03 	0.00
2.45 	2.14 	1.95 	1.81 	1.69 	1.60 	1.51 	2.45 	1.37 	1.31 	1.25 	1.20 	1.15 	1.10 	1.05 	2.45 	0.97 	0.93 	0.89 	0.85 	0.82 	0.78 	0.75 	2.45 	0.68 	0.65 	0.62 	0.59 	0.56 	0.53 	0.50 	2.45 	0.44 	0.42 	0.39 	0.36 	0.33 	0.31 	0.28 	2.45 	0.23 	0.20 	0.18 	0.15 	0.13 	0.10 	0.08 	2.45 	0.03 	0.00
2.44 	2.14 	1.95 	2.44 	1.69 	1.60 	1.51 	1.44 	1.37 	1.31 	1.25 	2.44 	1.15 	1.10 	1.05 	1.01 	0.97 	0.93 	0.89 	2.44 	0.82 	0.78 	0.75 	0.71 	0.68 	0.65 	0.62 	2.44 	0.56 	0.53 	0.50 	0.47 	0.44 	0.42 	0.39 	2.44 	0.33 	0.31 	0.28 	0.26 	0.23 	0.20 	0.18 	2.44 	0.13 	0.10 	0.08 	0.05 	0.03 	0.00
2.44 	2.14 	1.95 	1.80 	1.69 	1.59 	1.51 	1.44 	1.37 	1.31 	1.25 	1.20 	1.15 	1.10 	1.05 	1.01 	0.97 	0.93 	0.89 	0.85 	0.82 	0.78 	0.75 	0.71 	0.68 	0.65 	0.62 	0.59 	0.56 	0.53 	0.50 	0.47 	0.44 	0.42 	0.39 	0.36 	0.33 	0.31 	0.28 	0.26 	0.23 	0.20 	0.18 	0.15 	0.13 	0.10 	0.08 	0.05 	0.03 	0.00
2.44 	2.13 	1.94 	1.80 	1.69 	1.59 	1.51 	2.44 	1.37 	1.31 	1.25 	1.20 	1.14 	1.10 	1.05 	2.44 	0.97 	0.93 	0.89 	0.85 	0.82 	0.78 	0.75 	2.44 	0.68 	0.65 	0.62 	0.59 	0.56 	0.53 	0.50 	2.44 	0.44 	0.42 	0.39 	0.36 	0.33 	0.31 	0.28 	2.44 	0.23 	0.20 	0.18 	0.15 	0.13 	0.10 	0.08 	2.44 	0.03 	0.00
2.43 	2.13 	1.94 	2.43 	1.69 	1.59 	1.51 	1.43 	1.37 	1.31 	1.25 	2.43 	1.14 	1.10 	1.05 	1.01 	0.97 	0.93 	0.89 	2.43 	0.82 	0.78 	0.75 	0.71 	0.68 	0.65 	0.62 	2.43 	0.56 	0.53 	0.50 	0.47 	0.44 	0.42 	0.39 	2.43 	0.33 	0.31 	0.28 	0.26 	0.23 	0.20 	0.18 	2.43 	0.13 	0.10 	0.08 	0.05 	0.03 	0.00
2.43 	2.13 	1.94 	1.80 	1.69 	1.59 	1.51 	1.43 	1.37 	1.30 	1.25 	1.19 	1.14 	1.10 	1.05 	1.01 	0.97 	0.93 	0.89 	0.85 	0.82 	0.78 	0.75 	0.71 	0.68 	0.65 	0.62 	0.59 	0.56 	0.53 	0.50 	0.47 	0.44 	0.42 	0.39 	0.36 	0.33 	0.31 	0.28 	0.26 	0.23 	0.20 	0.18 	0.15 	0.13 	0.10 	0.08 	0.05 	0.03 	0.00
2.43 	2.13 	1.94 	1.80 	1.69 	1.59 	1.51 	2.43 	1.37 	1.30 	1.25 	1.19 	1.14 	1.10 	1.05 	2.43 	0.97 	0.93 	0.89 	0.85 	0.82 	0.78 	0.75 	2.43 	0.68 	0.65 	0.62 	0.59 	0.56 	0.53 	0.50 	2.43 	0.44 	0.42 	0.39 	0.36 	0.33 	0.31 	0.28 	2.43 	0.23 	0.20 	0.18 	0.15 	0.13 	0.10 	0.08 	2.43 	0.03 	0.00
2.43 	2.12 	1.94 	2.43 	1.68 	1.59 	1.51 	1.43 	1.37 	1.30 	1.25 	2.43 	1.14 	1.10 	1.05 	1.01 	0.97 	0.93 	0.89 	2.43 	0.82 	0.78 	0.75 	0.71 	0.68 	0.65 	0.62 	2.43 	0.56 	0.53 	0.50 	0.47 	0.44 	0.42 	0.39 	2.43 	0.33 	0.31 	0.28 	0.26 	0.23 	0.20 	0.18 	2.43 	0.13 	0.10 	0.08 	0.05 	0.03 	0.00
2.42 	2.12 	1.94 	1.80 	1.68 	1.59 	1.51 	1.43 	1.36 	1.30 	1.25 	1.19 	1.14 	1.10 	1.05 	1.01 	0.97 	0.93 	0.89 	0.85 	0.81 	0.78 	0.75 	0.71 	0.68 	0.65 	0.62 	0.59 	0.56 	0.53 	0.50 	0.47 	0.44 	0.42 	0.39 	0.36 	0.33 	0.31 	0.28 	0.26 	0.23 	0.20 	0.18 	0.15 	0.13 	0.10 	0.08 	0.05 	0.03 	0.00
2.42 	2.12 	1.93 	1.80 	1.68 	1.59 	1.50 	2.42 	1.36 	1.30 	1.25 	1.19 	1.14 	1.09 	1.05 	2.42 	0.97 	0.93 	0.89 	0.85 	0.81 	0.78 	0.75 	2.42 	0.68 	0.65 	0.62 	0.59 	0.56 	0.53 	0.50 	2.42 	0.44 	0.42 	0.39 	0.36 	0.33 	0.31 	0.28 	2.42 	0.23 	0.20 	0.18 	0.15 	0.13 	0.10 	0.08 	2.42 	0.03 	0.00
2.42 	2.12 	1.93 	2.42 	1.68 	1.59 	1.50 	1.43 	1.36 	1.30 	1.25 	2.42 	1.14 	1.09 	1.05 	1.01 	0.97 	0.93 	0.89 	2.42 	0.81 	0.78 	0.75 	0.71 	0.68 	0.65 	0.62 	2.42 	0.56 	0.53 	0.50 	0.47 	0.44 	0.42 	0.39 	2.42 	0.33 	0.31 	0.28 	0.25 	0.23 	0.20 	0.18 	2.42 	0.13 	0.10 	0.08 	0.05 	0.03 	0.00
2.42 	2.12 	1.93 	1.79 	1.68 	1.59 	1.50 	1.43 	1.36 	1.30 	1.24 	1.19 	1.14 	1.09 	1.05 	1.01 	0.96 	0.93 	0.89 	0.85 	0.81 	0.78 	0.75 	0.71 	0.68 	0.65 	0.62 	0.59 	0.56 	0.53 	0.50 	0.47 	0.44 	0.42 	0.39 	0.36 	0.33 	0.31 	0.28 	0.25 	0.23 	0.20 	0.18 	0.15 	0.13 	0.10 	0.08 	0.05 	0.03 	0.00
2.41 	2.12 	1.93 	1.79 	1.68 	1.59 	1.50 	2.41 	1.36 	1.30 	1.24 	1.19 	1.14 	1.09 	1.05 	2.41 	0.96 	0.93 	0.89 	0.85 	0.81 	0.78 	0.75 	2.41 	0.68 	0.65 	0.62 	0.59 	0.56 	0.53 	0.50 	2.41 	0.44 	0.42 	0.39 	0.36 	0.33 	0.31 	0.28 	2.41 	0.23 	0.20 	0.18 	0.15 	0.13 	0.10 	0.08 	2.41 	0.03 	0.00
2.41 	2.12 	1.93 	2.41 	1.68 	1.58 	1.50 	1.43 	1.36 	1.30 	1.24 	2.41 	1.14 	1.09 	1.05 	1.01 	0.96 	0.92 	0.89 	2.41 	0.81 	0.78 	0.75 	0.71 	0.68 	0.65 	0.62 	2.41 	0.56 	0.53 	0.50 	0.47 	0.44 	0.42 	0.39 	2.41 	0.33 	0.31 	0.28 	0.25 	0.23 	0.20 	0.18 	2.41 	0.13 	0.10 	0.08 	0.05 	0.03 	0.00
2.41 	2.11 	1.93 	1.79 	1.68 	1.58 	1.50 	1.43 	1.36 	1.30 	1.24 	1.19 	1.14 	1.09 	1.05 	1.01 	0.96 	0.92 	0.89 	0.85 	0.81 	0.78 	0.75 	0.71 	0.68 	0.65 	0.62 	0.59 	0.56 	0.53 	0.50 	0.47 	0.44 	0.42 	0.39 	0.36 	0.33 	0.31 	0.28 	0.25 	0.23 	0.20 	0.18 	0.15 	0.13 	0.10 	0.08 	0.05 	0.03 	0.00
2.41 	2.11 	1.93 	1.79 	1.68 	1.58 	1.50 	1.43 	1.36 	1.30 	1.24 	1.19 	1.14 	1.09 	1.05 	1.01 	0.96 	0.92 	0.89 	0.85 	0.81 	0.78 	0.74 	0.71 	0.68 	0.65 	0.62 	0.59 	0.56 	0.53 	0.50 	0.47 	0.44 	0.42 	0.39 	0.36 	0.33 	0.31 	0.28 	0.25 	0.23 	0.20 	0.18 	0.15 	0.13 	0.10 	0.08 	0.05 	0.03 	0.00
2.41 	2.11 	1.93 	2.41 	1.68 	1.58 	1.50 	1.43 	1.36 	1.30 	1.24 	2.41 	1.14 	1.09 	1.05 	1.00 	0.96 	0.92 	0.89 	2.41 	0.81 	0.78 	0.74 	0.71 	0.68 	0.65 	0.62 	2.41 	0.56 	0.53 	0.50 	0.47 	0.44 	0.41 	0.39 	2.41 	0.33 	0.31 	0.28 	0.25 	0.23 	0.20 	0.18 	2.41 	0.13 	0.10 	0.08 	0.05 	0.03 	0.00
2.40 	2.11 	1.93 	1.79 	1.68 	1.58 	1.50 	2.40 	1.36 	1.30 	1.24 	1.19 	1.14 	1.09 	1.05 	2.40 	0.96 	0.92 	0.89 	0.85 	0.81 	0.78 	0.74 	2.40 	0.68 	0.65 	0.62 	0.59 	0.56 	0.53 	0.50 	2.40 	0.44 	0.41 	0.39 	0.36 	0.33 	0.31 	0.28 	2.40 	0.23 	0.20 	0.18 	0.15 	0.13 	0.10 	0.08 	2.40 	0.03 	0.00
2.40 	2.11 	1.92 	2.40 	1.68 	1.58 	1.50 	1.43 	1.36 	1.30 	1.24 	2.40 	1.14 	1.09 	1.05 	1.00 	0.96 	0.92 	0.89 	2.40 	0.81 	0.78 	0.74 	0.71 	0.68 	0.65 	0.62 	2.40 	0.56 	0.53 	0.50 	0.47 	0.44 	0.41 	0.39 	2.40 	0.33 	0.31 	0.28 	0.25 	0.23 	0.20 	0.18 	2.40 	0.13 	0.10 	0.08 	0.05 	0.03 	0.00
2.40 	2.11 	1.92 	1.79 	1.68 	1.58 	1.50 	1.43 	1.36 	1.30 	1.24 	1.19 	1.14 	1.09 	1.05 	1.00 	0.96 	0.92 	0.89 	0.85 	0.81 	0.78 	0.74 	0.71 	0.68 	0.65 	0.62 	0.59 	0.56 	0.53 	0.50 	0.47 	0.44 	0.41 	0.39 	0.36 	0.33 	0.31 	0.28 	0.25 	0.23 	0.20 	0.18 	0.15 	0.13 	0.10 	0.08 	0.05 	0.03 	0.00
2.40 	2.11 	1.92 	1.79 	1.67 	1.58 	1.50 	2.40 	1.36 	1.30 	1.24 	1.19 	1.14 	1.09 	1.05 	2.40 	0.96 	0.92 	0.89 	0.85 	0.81 	0.78 	0.74 	0.71 	0.68 	0.65 	0.62 	0.59 	0.56 	0.53 	0.50 	0.47 	0.44 	0.41 	0.39 	0.36 	0.33 	0.31 	0.28 	0.25 	0.23 	0.20 	0.18 	0.15 	0.13 	0.10 	0.08 	0.05 	0.03 	0.00
2.40 	2.11 	1.92 	2.40 	1.67 	1.58 	1.50 	1.43 	1.36 	1.30 	1.24 	2.40 	1.14 	1.09 	1.05 	1.00 	0.96 	0.92 	0.89 	2.40 	0.81 	0.78 	0.74 	0.71 	0.68 	0.65 	0.62 	2.40 	0.56 	0.53 	0.50 	0.47 	0.44 	0.41 	0.39 	2.40 	0.33 	0.31 	0.28 	0.25 	0.23 	0.20 	0.18 	2.40 	0.13 	0.10 	0.08 	0.05 	0.03 	0.00
2.40 	2.10 	1.92 	1.78 	1.67 	1.58 	1.50 	1.42 	1.36 	1.30 	1.24 	1.19 	1.14 	1.09 	1.05 	1.00 	0.96 	0.92 	0.89 	0.85 	0.81 	0.78 	0.74 	2.40 	0.68 	0.65 	0.62 	0.59 	0.56 	0.53 	0.50 	2.40 	0.44 	0.41 	0.39 	0.36 	0.33 	0.31 	0.28 	2.40 	0.23 	0.20 	0.18 	0.15 	0.13 	0.10 	0.08 	2.40 	0.03 	0.00
2.40 	2.10 	1.92 	1.78 	1.67 	1.58 	1.50 	2.40 	1.36 	1.30 	1.24 	1.19 	1.14 	1.09 	1.05 	2.40 	0.96 	0.92 	0.89 	0.85 	0.81 	0.78 	0.74 	0.71 	0.68 	0.65 	0.62 	2.40 	0.56 	0.53 	0.50 	0.47 	0.44 	0.41 	0.39 	2.40 	0.33 	0.31 	0.28 	0.25 	0.23 	0.20 	0.18 	2.40 	0.13 	0.10 	0.08 	0.05 	0.03 	0.00
2.39 	2.10 	1.92 	2.39 	1.67 	1.58 	1.50 	1.42 	1.36 	1.30 	1.24 	2.39 	1.14 	1.09 	1.05 	1.00 	0.96 	0.92 	0.88 	2.39 	0.81 	0.78 	0.74 	0.71 	0.68 	0.65 	0.62 	0.59 	0.56 	0.53 	0.50 	0.47 	0.44 	0.41 	0.39 	0.36 	0.33 	0.31 	0.28 	0.25 	0.23 	0.20 	0.18 	0.15 	0.13 	0.10 	0.08 	0.05 	0.03 	0.00
2.39 	2.10 	1.92 	1.78 	1.67 	1.58 	1.50 	1.42 	1.36 	1.30 	1.24 	1.19 	1.14 	1.09 	1.05 	1.00 	0.96 	0.92 	0.88 	0.85 	0.81 	0.78 	0.74 	0.71 	0.68 	0.65 	0.62 	0.59 	0.56 	0.53 	0.50 	0.47 	0.44 	0.41 	0.39 	0.36 	0.33 	0.31 	0.28 	0.25 	0.23 	0.20 	0.18 	0.15 	0.13 	0.10 	0.08 	0.05 	0.03 	0.00
2.39 	2.10 	1.92 	1.78 	1.67 	1.58 	1.50 	2.39 	1.36 	1.30 	1.24 	1.19 	1.14 	1.09 	1.05 	2.39 	0.96 	0.92 	0.88 	0.85 	0.81 	0.78 	0.74 	0.71 	0.68 	0.65 	0.62 	2.39 	0.56 	0.53 	0.50 	0.47 	0.44 	0.41 	0.39 	2.39 	0.33 	0.31 	0.28 	0.25 	0.23 	0.20 	0.18 	2.39 	0.13 	0.10 	0.08 	0.05 	0.03 	0.00
2.39 	2.10 	1.92 	2.39 	1.67 	1.58 	1.50 	1.42 	1.36 	1.30 	1.24 	2.39 	1.14 	1.09 	1.05 	1.00 	0.96 	0.92 	0.88 	2.39 	0.81 	0.78 	0.74 	2.39 	0.68 	0.65 	0.62 	0.59 	0.56 	0.53 	0.50 	2.39 	0.44 	0.41 	0.39 	0.36 	0.33 	0.31 	0.28 	2.39 	0.23 	0.20 	0.18 	0.15 	0.13 	0.10 	0.08 	2.39 	0.03 	0.00
2.39 	2.10 	1.92 	1.78 	1.67 	1.58 	1.50 	1.42 	1.36 	1.30 	1.24 	1.19 	1.14 	1.09 	1.05 	1.00 	0.96 	0.92 	0.88 	0.85 	0.81 	0.78 	0.74 	0.71 	0.68 	0.65 	0.62 	2.39 	0.56 	0.53 	0.50 	0.47 	0.44 	0.41 	0.39 	2.39 	0.33 	0.31 	0.28 	0.25 	0.23 	0.20 	0.18 	2.39 	0.13 	0.10 	0.08 	0.05 	0.03 	0.00
2.39 	2.10 	1.92 	1.78 	1.67 	1.58 	1.50 	1.42 	1.36 	1.30 	1.24 	1.19 	1.14 	1.09 	1.05 	1.00 	0.96 	0.92 	0.88 	0.85 	0.81 	0.78 	0.74 	0.71 	0.68 	0.65 	0.62 	0.59 	0.56 	0.53 	0.50 	0.47 	0.44 	0.41 	0.39 	0.36 	0.33 	0.31 	0.28 	0.25 	0.23 	0.20 	0.18 	0.15 	0.13 	0.10 	0.08 	0.05 	0.03 	0.00
2.39 	2.10 	1.92 	2.39 	1.67 	1.58 	1.49 	1.42 	1.36 	1.30 	1.24 	2.39 	1.14 	1.09 	1.05 	1.00 	0.96 	0.92 	0.88 	2.39 	0.81 	0.78 	0.74 	0.71 	0.68 	0.65 	0.62 	0.59 	0.56 	0.53 	0.50 	0.47 	0.44 	0.41 	0.39 	0.36 	0.33 	0.31 	0.28 	0.25 	0.23 	0.20 	0.18 	0.15 	0.13 	0.10 	0.08 	0.05 	0.03 	0.00
2.39 	2.10 	1.92 	1.78 	1.67 	1.58 	1.49 	2.39 	1.36 	1.30 	1.24 	1.19 	1.14 	1.09 	1.05 	2.39 	0.96 	0.92 	0.88 	0.85 	0.81 	0.78 	0.74 	0.71 	0.68 	0.65 	0.62 	2.39 	0.56 	0.53 	0.50 	0.47 	0.44 	0.41 	0.39 	2.39 	0.33 	0.31 	0.28 	0.25 	0.23 	0.20 	0.18 	2.39 	0.13 	0.10 	0.08 	0.05 	0.03 	0.00
2.39 	2.10 	1.91 	2.39 	1.67 	1.58 	1.49 	1.42 	1.36 	1.29 	1.24 	2.39 	1.14 	1.09 	1.04 	1.00 	0.96 	0.92 	0.88 	2.39 	0.81 	0.78 	0.74 	2.39 	0.68 	0.65 	0.62 	0.59 	0.56 	0.53 	0.50 	2.39 	0.44 	0.41 	0.39 	0.36 	0.33 	0.31 	0.28 	2.39 	0.23 	0.20 	0.18 	0.15 	0.13 	0.10 	0.08 	2.39 	0.03 	0.00
2.39 	2.10 	1.91 	1.78 	1.67 	1.58 	1.49 	1.42 	1.36 	1.29 	1.24 	1.19 	1.14 	1.09 	1.04 	1.00 	0.96 	0.92 	0.88 	0.85 	0.81 	0.78 	0.74 	0.71 	0.68 	0.65 	0.62 	2.39 	0.56 	0.53 	0.50 	0.47 	0.44 	0.41 	0.39 	2.39 	0.33 	0.31 	0.28 	0.25 	0.23 	0.20 	0.18 	2.39 	0.13 	0.10 	0.08 	0.05 	0.03 	0.00
2.38 	2.10 	1.91 	1.78 	1.67 	1.58 	1.49 	2.38 	1.36 	1.29 	1.24 	1.19 	1.14 	1.09 	1.04 	2.38 	0.96 	0.92 	0.88 	0.85 	0.81 	0.78 	0.74 	0.71 	0.68 	0.65 	0.62 	0.59 	0.56 	0.53 	0.50 	0.47 	0.44 	0.41 	0.39 	0.36 	0.33 	0.31 	0.28 	0.25 	0.23 	0.20 	0.18 	0.15 	0.13 	0.10 	0.08 	0.05 	0.03 	0.00
2.38 	2.09 	1.91 	2.38 	1.67 	1.57 	1.49 	1.42 	1.35 	1.29 	1.24 	2.38 	1.14 	1.09 	1.04 	1.00 	0.96 	0.92 	0.88 	2.38 	0.81 	0.78 	0.74 	0.71 	0.68 	0.65 	0.62 	0.59 	0.56 	0.53 	0.50 	0.47 	0.44 	0.41 	0.39 	0.36 	0.33 	0.31 	0.28 	0.25 	0.23 	0.20 	0.18 	0.15 	0.13 	0.10 	0.08 	0.05 	0.03 	0.00
2.38 	2.09 	1.91 	1.78 	1.67 	1.57 	1.49 	1.42 	1.35 	1.29 	1.24 	1.19 	1.14 	1.09 	1.04 	1.00 	0.96 	0.92 	0.88 	0.85 	0.81 	0.78 	0.74 	0.71 	0.68 	0.65 	0.62 	2.38 	0.56 	0.53 	0.50 	0.47 	0.44 	0.41 	0.39 	2.38 	0.33 	0.31 	0.28 	0.25 	0.23 	0.20 	0.18 	2.38 	0.13 	0.10 	0.08 	0.05 	0.03 	0.00
2.38 	2.09 	1.91 	1.78 	1.67 	1.57 	1.49 	2.38 	1.35 	1.29 	1.24 	1.19 	1.14 	1.09 	1.04 	2.38 	0.96 	0.92 	0.88 	0.85 	0.81 	0.78 	0.74 	2.38 	0.68 	0.65 	0.62 	0.59 	0.56 	0.53 	0.50 	2.38 	0.44 	0.41 	0.39 	0.36 	0.33 	0.31 	0.28 	2.38 	0.23 	0.20 	0.18 	0.15 	0.13 	0.10 	0.08 	2.38 	0.03 	0.00
2.38 	2.09 	1.91 	1.78 	1.67 	1.57 	1.49 	1.42 	1.35 	1.29 	1.24 	1.19 	1.14 	1.09 	1.04 	1.00 	0.96 	0.92 	0.88 	0.85 	0.81 	0.78 	0.74 	0.71 	0.68 	0.65 	0.62 	2.38 	0.56 	0.53 	0.50 	0.47 	0.44 	0.41 	0.39 	2.38 	0.33 	0.31 	0.28 	0.25 	0.23 	0.20 	0.18 	2.38 	0.13 	0.10 	0.08 	0.05 	0.03 	0.00
2.38 	2.09 	1.91 	1.78 	1.67 	1.57 	1.49 	2.38 	1.35 	1.29 	1.24 	1.18 	1.14 	1.09 	1.04 	2.38 	0.96 	0.92 	0.88 	0.85 	0.81 	0.78 	0.74 	0.71 	0.68 	0.65 	0.62 	0.59 	0.56 	0.53 	0.50 	0.47 	0.44 	0.41 	0.39 	0.36 	0.33 	0.31 	0.28 	0.25 	0.23 	0.20 	0.18 	0.15 	0.13 	0.10 	0.08 	0.05 	0.03 	0.00
2.38 	2.09 	1.91 	2.38 	1.67 	1.57 	1.49 	1.42 	1.35 	1.29 	1.24 	2.38 	1.14 	1.09 	1.04 	1.00 	0.96 	0.92 	0.88 	2.38 	0.81 	0.78 	0.74 	0.71 	0.68 	0.65 	0.62 	0.59 	0.56 	0.53 	0.50 	0.47 	0.44 	0.41 	0.39 	0.36 	0.33 	0.31 	0.28 	0.25 	0.23 	0.20 	0.18 	0.15 	0.13 	0.10 	0.08 	0.05 	0.03 	0.00
2.38 	2.09 	1.91 	1.78 	1.67 	1.57 	1.49 	1.42 	1.35 	1.29 	1.24 	1.18 	1.14 	1.09 	1.04 	1.00 	0.96 	0.92 	0.88 	0.85 	0.81 	0.78 	0.74 	0.71 	0.68 	0.65 	0.62 	2.38 	0.56 	0.53 	0.50 	0.47 	0.44 	0.41 	0.39 	2.38 	0.33 	0.31 	0.28 	0.25 	0.23 	0.20 	0.18 	2.38 	0.13 	0.10 	0.08 	0.05 	0.03 	0.00
2.38 	2.09 	1.91 	1.78 	1.67 	1.57 	1.49 	1.42 	1.35 	1.29 	1.24 	1.18 	1.14 	1.09 	1.04 	1.00 	0.96 	0.92 	0.88 	0.85 	0.81 	0.78 	0.74 	2.38 	0.68 	0.65 	0.62 	0.59 	0.56 	0.53 	0.50 	2.38 	0.44 	0.41 	0.39 	0.36 	0.33 	0.31 	0.28 	2.38 	0.23 	0.20 	0.18 	0.15 	0.13 	0.10 	0.08 	2.38 	0.03 	0.00
2.38 	2.09 	1.91 	2.38 	1.67 	1.57 	1.49 	1.42 	1.35 	1.29 	1.24 	2.38 	1.13 	1.09 	1.04 	1.00 	0.96 	0.92 	0.88 	2.38 	0.81 	0.78 	0.74 	0.71 	0.68 	0.65 	0.62 	2.38 	0.56 	0.53 	0.50 	0.47 	0.44 	0.41 	0.39 	2.38 	0.33 	0.31 	0.28 	0.25 	0.23 	0.20 	0.18 	2.38 	0.13 	0.10 	0.08 	0.05 	0.03 	0.00
2.38 	2.09 	1.91 	1.77 	1.67 	1.57 	1.49 	2.38 	1.35 	1.29 	1.24 	1.18 	1.13 	1.09 	1.04 	2.38 	0.96 	0.92 	0.88 	0.85 	0.81 	0.78 	0.74 	0.71 	0.68 	0.65 	0.62 	0.59 	0.56 	0.53 	0.50 	0.47 	0.44 	0.41 	0.39 	0.36 	0.33 	0.31 	0.28 	0.25 	0.23 	0.20 	0.18 	0.15 	0.13 	0.10 	0.08 	0.05 	0.03 	0.00
2.38 	2.09 	1.91 	2.38 	1.66 	1.57 	1.49 	1.42 	1.35 	1.29 	1.24 	2.38 	1.13 	1.09 	1.04 	1.00 	0.96 	0.92 	0.88 	2.38 	0.81 	0.78 	0.74 	0.71 	0.68 	0.65 	0.62 	0.59 	0.56 	0.53 	0.50 	0.47 	0.44 	0.41 	0.39 	0.36 	0.33 	0.31 	0.28 	0.25 	0.23 	0.20 	0.18 	0.15 	0.13 	0.10 	0.08 	0.05 	0.03 	0.00
2.38 	2.09 	1.91 	1.77 	1.66 	1.57 	1.49 	1.42 	1.35 	1.29 	1.24 	1.18 	1.13 	1.09 	1.04 	1.00 	0.96 	0.92 	0.88 	0.85 	0.81 	0.78 	0.74 	0.71 	0.68 	0.65 	0.62 	2.38 	0.56 	0.53 	0.50 	0.47 	0.44 	0.41 	0.39 	2.38 	0.33 	0.31 	0.28 	0.25 	0.23 	0.20 	0.18 	2.38 	0.13 	0.10 	0.08 	0.05 	0.03 	0.00
2.37 	2.09 	1.91 	1.77 	1.66 	1.57 	1.49 	2.37 	1.35 	1.29 	1.24 	1.18 	1.13 	1.09 	1.04 	2.37 	0.96 	0.92 	0.88 	0.85 	0.81 	0.78 	0.74 	2.37 	0.68 	0.65 	0.62 	0.59 	0.56 	0.53 	0.50 	2.37 	0.44 	0.41 	0.39 	0.36 	0.33 	0.31 	0.28 	2.37 	0.23 	0.20 	0.18 	0.15 	0.13 	0.10 	0.08 	2.37 	0.03 	0.00
2.37 	2.09 	1.91 	2.37 	1.66 	1.57 	1.49 	1.42 	1.35 	1.29 	1.24 	2.37 	1.13 	1.09 	1.04 	1.00 	0.96 	0.92 	0.88 	2.37 	0.81 	0.78 	0.74 	0.71 	0.68 	0.65 	0.62 	2.37 	0.56 	0.53 	0.50 	0.47 	0.44 	0.41 	0.39 	2.37 	0.33 	0.31 	0.28 	0.25 	0.23 	0.20 	0.18 	2.37 	0.13 	0.10 	0.08 	0.05 	0.03 	0.00
2.37 	2.09 	1.91 	1.77 	1.66 	1.57 	1.49 	1.42 	1.35 	1.29 	1.24 	1.18 	1.13 	1.09 	1.04 	1.00 	0.96 	0.92 	0.88 	0.85 	0.81 	0.78 	0.74 	0.71 	0.68 	0.65 	0.62 	0.59 	0.56 	0.53 	0.50 	0.47 	0.44 	0.41 	0.39 	0.36 	0.33 	0.31 	0.28 	0.25 	0.23 	0.20 	0.18 	0.15 	0.13 	0.10 	0.08 	0.05 	0.03 	0.00
2.37 	2.09 	1.91 	1.77 	1.66 	1.57 	1.49 	2.37 	1.35 	1.29 	1.24 	1.18 	1.13 	1.09 	1.04 	2.37 	0.96 	0.92 	0.88 	0.85 	0.81 	0.78 	0.74 	0.71 	0.68 	0.65 	0.62 	0.59 	0.56 	0.53 	0.50 	0.47 	0.44 	0.41 	0.39 	0.36 	0.33 	0.31 	0.28 	0.25 	0.23 	0.20 	0.18 	0.15 	0.13 	0.10 	0.08 	0.05 	0.03 	0.00
2.37 	2.09 	1.91 	1.77 	1.66 	1.57 	1.49 	1.42 	1.35 	1.29 	1.24 	1.18 	1.13 	1.09 	1.04 	1.00 	0.96 	0.92 	0.88 	0.85 	0.81 	0.78 	0.74 	0.71 	0.68 	0.65 	0.62 	2.37 	0.56 	0.53 	0.50 	0.47 	0.44 	0.41 	0.39 	2.37 	0.33 	0.31 	0.28 	0.25 	0.23 	0.20 	0.18 	2.37 	0.13 	0.10 	0.08 	0.05 	0.03 	0.00
2.37 	2.09 	1.91 	1.77 	1.66 	1.57 	1.49 	2.37 	1.35 	1.29 	1.24 	1.18 	1.13 	1.09 	1.04 	2.37 	0.96 	0.92 	0.88 	0.85 	0.81 	0.78 	0.74 	2.37 	0.68 	0.65 	0.62 	0.59 	0.56 	0.53 	0.50 	2.37 	0.44 	0.41 	0.39 	0.36 	0.33 	0.31 	0.28 	2.37 	0.23 	0.20 	0.18 	0.15 	0.13 	0.10 	0.08 	2.37 	0.03 	0.00
2.37 	2.09 	1.91 	2.37 	1.66 	1.57 	1.49 	1.42 	1.35 	1.29 	1.24 	2.37 	1.13 	1.09 	1.04 	1.00 	0.96 	0.92 	0.88 	2.37 	0.81 	0.78 	0.74 	0.71 	0.68 	0.65 	0.62 	2.37 	0.56 	0.53 	0.50 	0.47 	0.44 	0.41 	0.39 	2.37 	0.33 	0.31 	0.28 	0.25 	0.23 	0.20 	0.18 	2.37 	0.13 	0.10 	0.08 	0.05 	0.03 	0.00
2.37 	2.09 	1.91 	1.77 	1.66 	1.57 	1.49 	1.42 	1.35 	1.29 	1.24 	1.18 	1.13 	1.09 	1.04 	1.00 	0.96 	0.92 	0.88 	0.85 	0.81 	0.78 	0.74 	0.71 	0.68 	0.65 	0.62 	0.59 	0.56 	0.53 	0.50 	0.47 	0.44 	0.41 	0.39 	0.36 	0.33 	0.31 	0.28 	0.25 	0.23 	0.20 	0.18 	0.15 	0.13 	0.10 	0.08 	0.05 	0.03 	0.00
2.37 	2.08 	1.91 	1.77 	1.66 	1.57 	1.49 	1.42 	1.35 	1.29 	1.24 	1.18 	1.13 	1.09 	1.04 	1.00 	0.96 	0.92 	0.88 	0.85 	0.81 	0.78 	0.74 	0.71 	0.68 	0.65 	0.62 	0.59 	0.56 	0.53 	0.50 	0.47 	0.44 	0.41 	0.39 	0.36 	0.33 	0.31 	0.28 	0.25 	0.23 	0.20 	0.18 	0.15 	0.13 	0.10 	0.08 	0.05 	0.03 	0.00
2.37 	2.08 	1.91 	2.37 	1.66 	1.57 	1.49 	1.42 	1.35 	1.29 	1.24 	2.37 	1.13 	1.09 	1.04 	1.00 	0.96 	0.92 	0.88 	2.37 	0.81 	0.78 	0.74 	0.71 	0.68 	0.65 	0.62 	2.37 	0.56 	0.53 	0.50 	0.47 	0.44 	0.41 	0.39 	2.37 	0.33 	0.31 	0.28 	0.25 	0.23 	0.20 	0.18 	2.37 	0.13 	0.10 	0.08 	0.05 	0.03 	0.00
2.37 	2.08 	1.91 	1.77 	1.66 	1.57 	1.49 	2.37 	1.35 	1.29 	1.24 	1.18 	1.13 	1.09 	1.04 	2.37 	0.96 	0.92 	0.88 	0.85 	0.81 	0.78 	0.74 	2.37 	0.68 	0.65 	0.62 	0.59 	0.56 	0.53 	0.50 	2.37 	0.44 	0.41 	0.39 	0.36 	0.33 	0.31 	0.28 	2.37 	0.23 	0.20 	0.18 	0.15 	0.13 	0.10 	0.08 	2.37 	0.03 	0.00
2.37 	2.08 	1.90 	2.37 	1.66 	1.57 	1.49 	1.42 	1.35 	1.29 	1.24 	2.37 	1.13 	1.09 	1.04 	1.00 	0.96 	0.92 	0.88 	2.37 	0.81 	0.78 	0.74 	0.71 	0.68 	0.65 	0.62 	2.37 	0.56 	0.53 	0.50 	0.47 	0.44 	0.41 	0.39 	2.37 	0.33 	0.31 	0.28 	0.25 	0.23 	0.20 	0.18 	2.37 	0.13 	0.10 	0.08 	0.05 	0.03 	0.00
2.37 	2.08 	1.90 	1.77 	1.66 	1.57 	1.49 	1.42 	1.35 	1.29 	1.24 	1.18 	1.13 	1.09 	1.04 	1.00 	0.96 	0.92 	0.88 	0.85 	0.81 	0.78 	0.74 	0.71 	0.68 	0.65 	0.62 	0.58 	0.56 	0.53 	0.50 	0.47 	0.44 	0.41 	0.39 	0.36 	0.33 	0.31 	0.28 	0.25 	0.23 	0.20 	0.18 	0.15 	0.13 	0.10 	0.08 	0.05 	0.03 	0.00
2.37 	2.08 	1.90 	1.77 	1.66 	1.57 	1.49 	2.37 	1.35 	1.29 	1.23 	1.18 	1.13 	1.09 	1.04 	2.37 	0.96 	0.92 	0.88 	0.85 	0.81 	0.78 	0.74 	0.71 	0.68 	0.65 	0.62 	0.58 	0.56 	0.53 	0.50 	0.47 	0.44 	0.41 	0.39 	0.36 	0.33 	0.31 	0.28 	0.25 	0.23 	0.20 	0.18 	0.15 	0.13 	0.10 	0.08 	0.05 	0.03 	0.00
2.37 	2.08 	1.90 	2.37 	1.66 	1.57 	1.49 	1.42 	1.35 	1.29 	1.23 	2.37 	1.13 	1.09 	1.04 	1.00 	0.96 	0.92 	0.88 	2.37 	0.81 	0.78 	0.74 	0.71 	0.68 	0.65 	0.62 	2.37 	0.56 	0.53 	0.50 	0.47 	0.44 	0.41 	0.39 	2.37 	0.33 	0.31 	0.28 	0.25 	0.23 	0.20 	0.18 	2.37 	0.13 	0.10 	0.08 	0.05 	0.03 	0.00
2.37 	2.08 	1.90 	1.77 	1.66 	1.57 	1.49 	1.42 	1.35 	1.29 	1.23 	1.18 	1.13 	1.09 	1.04 	1.00 	0.96 	0.92 	0.88 	0.85 	0.81 	0.78 	0.74 	2.37 	0.68 	0.65 	0.62 	0.58 	0.56 	0.53 	0.50 	2.37 	0.44 	0.41 	0.39 	0.36 	0.33 	0.31 	0.28 	2.37 	0.23 	0.20 	0.18 	0.15 	0.13 	0.10 	0.08 	2.37 	0.03 	0.00
2.37 	2.08 	1.90 	1.77 	1.66 	1.57 	1.49 	2.37 	1.35 	1.29 	1.23 	1.18 	1.13 	1.09 	1.04 	2.37 	0.96 	0.92 	0.88 	0.85 	0.81 	0.78 	0.74 	0.71 	0.68 	0.65 	0.62 	2.37 	0.56 	0.53 	0.50 	0.47 	0.44 	0.41 	0.39 	2.37 	0.33 	0.31 	0.28 	0.25 	0.23 	0.20 	0.18 	2.37 	0.13 	0.10 	0.08 	0.05 	0.03 	0.00
2.37 	2.08 	1.90 	1.77 	1.66 	1.57 	1.49 	1.42 	1.35 	1.29 	1.23 	1.18 	1.13 	1.09 	1.04 	1.00 	0.96 	0.92 	0.88 	0.85 	0.81 	0.78 	0.74 	0.71 	0.68 	0.65 	0.62 	0.58 	0.56 	0.53 	0.50 	0.47 	0.44 	0.41 	0.39 	0.36 	0.33 	0.31 	0.28 	0.25 	0.23 	0.20 	0.18 	0.15 	0.13 	0.10 	0.08 	0.05 	0.03 	0.00
2.37 	2.08 	1.90 	1.77 	1.66 	1.57 	1.49 	2.37 	1.35 	1.29 	1.23 	1.18 	1.13 	1.09 	1.04 	2.37 	0.96 	0.92 	0.88 	0.85 	0.81 	0.78 	0.74 	0.71 	0.68 	0.65 	0.61 	0.58 	0.56 	0.53 	0.50 	0.47 	0.44 	0.41 	0.39 	0.36 	0.33 	0.31 	0.28 	0.25 	0.23 	0.20 	0.18 	0.15 	0.13 	0.10 	0.08 	0.05 	0.03 	0.00
2.37 	2.08 	1.90 	2.37 	1.66 	1.57 	1.49 	1.42 	1.35 	1.29 	1.23 	2.37 	1.13 	1.09 	1.04 	1.00 	0.96 	0.92 	0.88 	2.37 	0.81 	0.78 	0.74 	0.71 	0.68 	0.65 	0.61 	2.37 	0.56 	0.53 	0.50 	0.47 	0.44 	0.41 	0.39 	2.37 	0.33 	0.31 	0.28 	0.25 	0.23 	0.20 	0.18 	2.37 	0.13 	0.10 	0.08 	0.05 	0.03 	0.00
2.36 	2.08 	1.90 	1.77 	1.66 	1.57 	1.49 	1.42 	1.35 	1.29 	1.23 	1.18 	1.13 	1.09 	1.04 	1.00 	0.96 	0.92 	0.88 	0.85 	0.81 	0.78 	0.74 	2.36 	0.68 	0.65 	0.61 	0.58 	0.56 	0.53 	0.50 	2.36 	0.44 	0.41 	0.39 	0.36 	0.33 	0.31 	0.28 	2.36 	0.23 	0.20 	0.18 	0.15 	0.13 	0.10 	0.08 	2.36 	0.03 	0.00
2.36 	2.08 	1.90 	1.77 	1.66 	1.57 	1.49 	1.42 	1.35 	1.29 	1.23 	1.18 	1.13 	1.09 	1.04 	1.00 	0.96 	0.92 	0.88 	0.85 	0.81 	0.78 	0.74 	0.71 	0.68 	0.65 	0.61 	2.36 	0.56 	0.53 	0.50 	0.47 	0.44 	0.41 	0.39 	2.36 	0.33 	0.31 	0.28 	0.25 	0.23 	0.20 	0.18 	2.36 	0.13 	0.10 	0.08 	0.05 	0.03 	0.00 
