0.500 	0.490 	0.480 	0.470 	0.460 	0.450 	0.440 	0.430 	0.420 	0.410 	0.400 	0.390 	0.380 	0.370 	0.360 	0.350 	0.340 	0.330 	0.320 	0.310 	0.300 	0.290 	0.280 	0.270 	0.260 	0.250 	0.240 	0.230 	0.220 	0.210 	0.200 	0.190 	0.180 	0.170 	0.160 	0.150 	0.140 	0.130 	0.120 	0.110 	0.100 	0.090 	0.080 	0.070 	0.060 	0.050 	0.040 	0.030 	0.020 	0.010 	0.000
0.000 	0.031 	0.063 	0.095 	0.126 	0.158 	0.191 	0.224 	0.257 	0.291 	0.325 	0.360 	0.396 	0.433 	0.471 	0.510 	0.550 	0.591 	0.635 	0.680 	0.727 	0.776 	0.827 	0.882 	0.939 	1.000 	1.065 	1.134 	1.209 	1.289 	1.376 	1.471 	1.576 	1.691 	1.819 	1.963 	2.125 	2.311 	2.526 	2.778 	3.078 	3.442 	3.895 	4.474 	5.242 	6.314 	7.916 	10.579 	15.895 	31.821
0.000 	0.028 	0.057 	0.085 	0.114 	0.142 	0.171 	0.200 	0.229 	0.259 	0.289 	0.319 	0.350 	0.381 	0.412 	0.445 	0.478 	0.511 	0.546 	0.581 	0.617 	0.654 	0.693 	0.733 	0.774 	0.816 	0.861 	0.907 	0.956 	1.007 	1.061 	1.118 	1.178 	1.242 	1.312 	1.386 	1.467 	1.556 	1.654 	1.763 	1.886 	2.026 	2.189 	2.383 	2.620 	2.920 	3.320 	3.896 	4.849 	6.965
0.000 	0.027 	0.054 	0.082 	0.109 	0.137 	0.164 	0.192 	0.220 	0.248 	0.277 	0.305 	0.335 	0.364 	0.394 	0.424 	0.455 	0.486 	0.518 	0.551 	4.541 	0.619 	0.654 	0.690 	0.727 	0.765 	0.804 	0.845 	4.541 	0.932 	0.978 	1.027 	1.078 	1.132 	1.189 	1.250 	4.541 	1.385 	1.462 	1.545 	1.638 	1.741 	1.859 	1.995 	4.541 	2.353 	2.605 	2.951 	3.482 	4.541
0.000 	0.027 	0.053 	0.080 	0.107 	0.134 	0.161 	0.188 	0.215 	0.243 	0.271 	0.299 	0.327 	0.356 	0.385 	0.414 	0.444 	0.474 	0.505 	0.537 	0.569 	0.601 	0.635 	0.669 	0.704 	0.741 	0.778 	0.817 	0.857 	0.898 	0.941 	0.986 	1.033 	1.082 	1.134 	1.190 	1.248 	1.311 	1.379 	1.453 	1.533 	1.623 	1.723 	1.838 	1.971 	2.132 	2.333 	2.601 	2.999 	3.747
0.000 	0.026 	0.053 	0.079 	0.106 	0.132 	0.159 	0.186 	0.213 	0.240 	0.267 	0.295 	0.323 	0.351 	0.379 	0.408 	0.438 	0.467 	0.497 	0.528 	0.559 	0.591 	0.624 	0.657 	0.692 	0.727 	0.763 	0.800 	0.838 	0.878 	0.920 	0.963 	1.007 	1.054 	1.104 	1.156 	1.211 	1.270 	1.333 	1.401 	1.476 	1.558 	1.649 	1.753 	1.873 	2.015 	2.191 	2.422 	2.757 	3.365
0.000 	0.026 	0.052 	0.078 	0.105 	0.131 	0.158 	0.184 	0.211 	0.238 	0.265 	0.292 	0.320 	0.348 	0.376 	0.404 	0.433 	0.463 	0.492 	0.523 	3.143 	0.585 	0.617 	0.650 	0.683 	0.718 	0.753 	0.789 	3.143 	0.866 	0.906 	0.947 	0.991 	1.036 	1.084 	1.134 	3.143 	1.244 	1.304 	1.369 	1.440 	1.517 	1.603 	1.700 	3.143 	1.943 	2.104 	2.313 	2.612 	3.143
0.000 	0.026 	0.052 	0.078 	0.104 	0.130 	0.157 	0.183 	0.210 	0.236 	0.263 	0.290 	0.318 	0.345 	0.373 	0.402 	0.430 	0.459 	0.489 	0.519 	0.549 	0.580 	0.612 	0.644 	0.677 	0.711 	0.746 	0.782 	0.819 	0.857 	0.896 	0.937 	0.979 	1.024 	1.070 	1.119 	1.171 	1.226 	1.284 	1.347 	1.415 	1.489 	1.572 	1.664 	1.770 	1.895 	2.046 	2.241 	2.517 	2.998
0.000 	0.026 	0.052 	0.078 	0.104 	0.130 	0.156 	0.182 	0.209 	0.235 	0.262 	0.289 	0.316 	0.344 	0.371 	0.399 	0.428 	0.457 	0.486 	0.516 	0.546 	0.577 	0.608 	0.640 	0.673 	0.706 	0.741 	0.776 	0.813 	0.850 	0.889 	0.929 	0.971 	1.015 	1.060 	1.108 	1.159 	1.212 	1.269 	1.331 	1.397 	1.469 	1.549 	1.638 	1.740 	1.860 	2.004 	2.189 	2.449 	2.896
0.000 	0.026 	0.052 	0.077 	0.103 	0.129 	0.155 	0.181 	0.208 	0.234 	0.261 	0.288 	0.315 	0.342 	0.370 	0.398 	0.426 	0.455 	0.484 	0.513 	2.821 	0.574 	0.605 	0.637 	0.669 	0.703 	0.737 	0.772 	2.821 	0.845 	0.883 	0.923 	0.964 	1.008 	1.053 	1.100 	2.821 	1.202 	1.258 	1.318 	1.383 	1.454 	1.532 	1.619 	2.821 	1.833 	1.973 	2.150 	2.398 	2.821
0.000 	0.026 	0.051 	0.077 	0.103 	0.129 	0.155 	0.181 	0.207 	0.234 	0.260 	0.287 	0.314 	0.341 	0.369 	0.397 	0.425 	0.453 	0.482 	0.512 	0.542 	0.572 	0.603 	0.634 	0.667 	0.700 	0.734 	0.768 	0.804 	0.841 	0.879 	0.918 	0.959 	1.002 	1.046 	1.093 	1.142 	1.194 	1.249 	1.308 	1.372 	1.442 	1.518 	1.603 	1.700 	1.812 	1.948 	2.120 	2.359 	2.764
0.000 	0.026 	0.051 	0.077 	0.103 	0.129 	0.155 	0.181 	0.207 	0.233 	0.260 	0.286 	0.313 	0.340 	0.368 	0.396 	0.424 	0.452 	0.481 	0.510 	0.540 	0.570 	0.601 	0.632 	0.665 	0.697 	0.731 	0.766 	0.801 	0.838 	0.876 	0.915 	0.955 	0.997 	1.041 	1.088 	1.136 	1.188 	1.242 	1.301 	1.363 	1.432 	1.507 	1.591 	1.686 	1.796 	1.928 	2.096 	2.328 	2.718
0.000 	0.026 	0.051 	0.077 	0.103 	0.128 	0.154 	0.180 	0.206 	0.233 	0.259 	0.286 	0.313 	0.340 	0.367 	0.395 	0.423 	0.451 	0.480 	0.509 	2.681 	0.569 	0.599 	0.631 	0.663 	0.695 	0.729 	0.763 	2.681 	0.835 	0.873 	0.911 	0.952 	0.994 	1.037 	1.083 	2.681 	1.182 	1.236 	1.294 	1.356 	1.424 	1.498 	1.580 	2.681 	1.782 	1.912 	2.076 	2.303 	2.681
0.000 	0.026 	0.051 	0.077 	0.102 	0.128 	0.154 	0.180 	0.206 	0.232 	0.259 	0.285 	0.312 	0.339 	0.366 	0.394 	0.422 	0.450 	0.479 	0.508 	0.538 	0.568 	0.598 	0.629 	0.661 	0.694 	0.727 	0.761 	0.797 	0.833 	0.870 	0.909 	0.949 	0.991 	1.034 	1.079 	1.127 	1.178 	1.231 	1.289 	1.350 	1.417 	1.490 	1.572 	1.664 	1.771 	1.899 	2.060 	2.282 	2.650
0.000 	0.026 	0.051 	0.077 	0.102 	0.128 	0.154 	0.180 	0.206 	0.232 	0.258 	0.285 	0.312 	0.339 	0.366 	0.393 	0.421 	0.449 	0.478 	0.507 	0.537 	0.567 	0.597 	0.628 	0.660 	0.692 	0.726 	0.760 	0.795 	0.831 	0.868 	0.907 	0.946 	0.988 	1.031 	1.076 	1.124 	1.174 	1.227 	1.284 	1.345 	1.411 	1.484 	1.565 	1.656 	1.761 	1.887 	2.046 	2.264 	2.624
0.000 	0.025 	0.051 	0.077 	0.102 	0.128 	2.602 	0.179 	0.205 	0.232 	0.258 	0.284 	0.311 	0.338 	2.602 	0.393 	0.421 	0.449 	0.477 	0.506 	2.602 	0.566 	2.602 	0.627 	0.659 	0.691 	0.724 	0.758 	2.602 	0.829 	2.602 	0.905 	0.944 	0.986 	1.029 	1.074 	2.602 	1.171 	2.602 	1.280 	1.341 	1.406 	1.478 	1.558 	2.602 	1.753 	2.602 	2.034 	2.249 	2.602
0.000 	0.025 	0.051 	0.076 	0.102 	0.128 	0.153 	0.179 	0.205 	0.231 	0.258 	0.284 	0.311 	0.338 	0.365 	0.392 	0.420 	0.448 	0.477 	0.506 	0.535 	0.565 	0.595 	0.626 	0.658 	0.690 	0.723 	0.757 	0.792 	0.828 	0.865 	0.903 	0.942 	0.984 	1.026 	1.071 	1.118 	1.168 	1.220 	1.276 	1.337 	1.402 	1.474 	1.553 	1.642 	1.746 	1.869 	2.024 	2.235 	2.583
0.000 	0.025 	0.051 	0.076 	0.102 	0.128 	0.153 	0.179 	0.205 	0.231 	0.257 	0.284 	0.310 	0.337 	0.364 	0.392 	0.420 	0.448 	0.476 	0.505 	0.534 	0.564 	0.595 	0.625 	0.657 	0.689 	0.722 	0.756 	0.791 	0.826 	0.863 	0.901 	0.941 	0.982 	1.024 	1.069 	1.116 	1.165 	1.218 	1.273 	1.333 	1.398 	1.469 	1.548 	1.637 	1.740 	1.862 	2.015 	2.224 	2.567
0.000 	0.025 	2.552 	0.076 	0.102 	0.127 	2.552 	0.179 	0.205 	0.231 	2.552 	0.284 	0.310 	0.337 	2.552 	0.392 	0.419 	0.447 	2.552 	0.505 	2.552 	0.564 	2.552 	0.625 	0.656 	0.688 	2.552 	0.755 	2.552 	0.825 	2.552 	0.900 	0.939 	0.980 	2.552 	1.067 	2.552 	1.163 	2.552 	1.271 	1.330 	1.395 	2.552 	1.544 	2.552 	1.734 	2.552 	2.007 	2.214 	2.552
0.000 	0.025 	0.051 	0.076 	0.102 	0.127 	0.153 	0.179 	0.205 	0.231 	0.257 	0.283 	0.310 	0.337 	0.364 	0.391 	0.419 	0.447 	0.475 	0.504 	0.533 	0.563 	0.593 	0.624 	0.656 	0.688 	0.720 	0.754 	0.789 	0.824 	0.861 	0.899 	0.938 	0.979 	1.021 	1.066 	1.112 	1.161 	1.213 	1.268 	1.328 	1.392 	1.462 	1.540 	1.628 	1.729 	1.850 	2.000 	2.205 	2.539
0.000 	0.025 	0.051 	0.076 	0.102 	0.127 	0.153 	0.179 	0.205 	0.231 	0.257 	0.283 	0.310 	0.336 	0.364 	0.391 	0.419 	0.447 	0.475 	0.504 	0.533 	0.563 	0.593 	0.624 	0.655 	0.687 	0.720 	0.753 	0.788 	0.823 	0.860 	0.898 	0.937 	0.977 	1.020 	1.064 	1.110 	1.159 	1.211 	1.266 	1.325 	1.389 	1.459 	1.537 	1.624 	1.725 	1.844 	1.994 	2.197 	2.528
0.000 	0.025 	2.518 	0.076 	0.102 	0.127 	2.518 	0.179 	0.204 	0.230 	2.518 	0.283 	0.309 	0.336 	2.518 	0.391 	0.418 	0.446 	2.518 	0.503 	2.518 	0.562 	2.518 	0.623 	0.654 	0.686 	2.518 	0.753 	2.518 	0.823 	2.518 	0.897 	0.936 	0.976 	2.518 	1.063 	2.518 	1.158 	2.518 	1.264 	1.323 	1.387 	2.518 	1.534 	2.518 	1.721 	2.518 	1.988 	2.189 	2.518
0.000 	0.025 	0.051 	0.076 	0.102 	0.127 	0.153 	0.178 	0.204 	0.230 	0.256 	0.283 	0.309 	0.336 	0.363 	0.390 	0.418 	0.446 	0.474 	0.503 	0.532 	0.562 	0.592 	0.623 	0.654 	0.686 	0.719 	0.752 	0.786 	0.822 	0.858 	0.896 	0.935 	0.975 	1.017 	1.061 	1.108 	1.156 	1.208 	1.262 	1.321 	1.385 	1.454 	1.531 	1.618 	1.717 	1.835 	1.983 	2.183 	2.508
0.000 	0.025 	0.051 	0.076 	0.102 	0.127 	0.153 	0.178 	0.204 	0.230 	0.256 	0.283 	0.309 	0.336 	0.363 	0.390 	0.418 	0.446 	0.474 	0.503 	0.532 	0.561 	0.591 	0.622 	0.653 	0.685 	0.718 	0.751 	0.786 	0.821 	0.858 	0.895 	0.934 	0.974 	1.016 	1.060 	1.106 	1.155 	1.206 	1.261 	1.319 	1.383 	1.452 	1.529 	1.615 	1.714 	1.832 	1.978 	2.177 	2.500
0.000 	0.025 	2.492 	0.076 	0.101 	0.127 	2.492 	0.178 	0.204 	0.230 	2.492 	0.282 	0.309 	0.336 	2.492 	0.390 	0.418 	0.445 	2.492 	0.502 	2.492 	0.561 	2.492 	0.622 	0.653 	0.685 	2.492 	0.751 	2.492 	0.821 	2.492 	0.894 	0.933 	0.974 	2.492 	1.059 	2.492 	1.154 	2.492 	1.259 	1.318 	1.381 	2.492 	1.526 	2.492 	1.711 	2.492 	1.974 	2.172 	2.492
0.000 	0.025 	0.051 	0.076 	0.101 	0.127 	0.153 	0.178 	0.204 	0.230 	0.256 	0.282 	0.309 	0.336 	0.363 	0.390 	0.417 	0.445 	0.473 	0.502 	0.531 	0.561 	0.591 	0.621 	0.653 	0.684 	0.717 	0.750 	0.785 	0.820 	0.856 	0.894 	0.932 	0.973 	1.015 	1.058 	1.104 	1.153 	1.204 	1.258 	1.316 	1.379 	1.448 	1.524 	1.610 	1.708 	1.825 	1.970 	2.167 	2.485
0.000 	0.025 	0.051 	0.076 	0.101 	0.127 	0.152 	0.178 	0.204 	0.230 	0.256 	0.282 	0.309 	0.335 	0.362 	0.390 	0.417 	0.445 	0.473 	0.502 	0.531 	0.560 	0.590 	0.621 	0.652 	0.684 	0.717 	0.750 	0.784 	0.819 	0.856 	0.893 	0.932 	0.972 	1.014 	1.058 	1.103 	1.152 	1.203 	1.257 	1.315 	1.378 	1.446 	1.522 	1.608 	1.706 	1.822 	1.967 	2.162 	2.479
0.000 	0.025 	2.473 	0.076 	0.101 	0.127 	2.473 	0.178 	0.204 	0.230 	2.473 	0.282 	0.309 	0.335 	2.473 	0.389 	0.417 	0.445 	2.473 	0.502 	2.473 	0.560 	2.473 	0.621 	0.652 	0.684 	2.473 	0.750 	2.473 	0.819 	2.473 	0.893 	0.931 	0.971 	2.473 	1.057 	2.473 	1.151 	2.473 	1.256 	1.314 	1.376 	2.473 	1.521 	2.473 	1.703 	2.473 	1.963 	2.158 	2.473
0.000 	0.025 	0.051 	0.076 	0.101 	0.127 	0.152 	0.178 	0.204 	0.230 	0.256 	0.282 	0.308 	0.335 	0.362 	0.389 	0.417 	0.445 	0.473 	0.501 	0.530 	0.560 	0.590 	0.620 	0.652 	0.683 	0.716 	0.749 	0.783 	0.818 	0.855 	0.892 	0.931 	0.971 	1.012 	1.056 	1.102 	1.150 	1.201 	1.255 	1.313 	1.375 	1.443 	1.519 	1.604 	1.701 	1.817 	1.960 	2.154 	2.467
0.000 	0.025 	0.051 	0.076 	0.101 	0.127 	0.152 	0.178 	0.204 	0.230 	0.256 	0.282 	0.308 	0.335 	0.362 	0.389 	0.417 	0.444 	0.473 	0.501 	0.530 	0.560 	0.590 	0.620 	0.651 	0.683 	0.716 	0.749 	0.783 	0.818 	0.854 	0.891 	0.930 	0.970 	1.012 	1.055 	1.101 	1.149 	1.200 	1.254 	1.311 	1.374 	1.442 	1.517 	1.602 	1.699 	1.814 	1.957 	2.150 	2.462
0.000 	0.025 	2.457 	0.076 	0.101 	0.127 	0.152 	0.178 	0.204 	0.230 	2.457 	0.282 	0.308 	0.335 	0.362 	0.389 	0.417 	0.444 	2.457 	0.501 	2.457 	0.559 	0.589 	0.620 	0.651 	0.683 	2.457 	0.748 	2.457 	0.818 	0.854 	0.891 	0.930 	0.970 	2.457 	1.055 	2.457 	1.148 	1.199 	1.253 	1.310 	1.373 	2.457 	1.516 	2.457 	1.697 	1.812 	1.955 	2.147 	2.457
0.000 	0.025 	0.051 	0.076 	0.101 	0.127 	0.152 	0.178 	0.204 	0.229 	0.256 	0.282 	0.308 	0.335 	0.362 	0.389 	0.416 	0.444 	0.472 	0.501 	0.530 	0.559 	0.589 	0.620 	0.651 	0.682 	0.715 	0.748 	0.782 	0.817 	0.853 	0.891 	0.929 	0.969 	1.011 	1.054 	1.100 	1.147 	1.198 	1.252 	1.309 	1.372 	1.440 	1.515 	1.599 	1.696 	1.810 	1.952 	2.144 	2.453
0.000 	0.025 	0.051 	0.076 	0.101 	0.127 	2.449 	0.178 	0.204 	0.229 	0.255 	0.282 	0.308 	0.335 	2.449 	0.389 	0.416 	0.444 	0.472 	0.501 	0.530 	0.559 	2.449 	0.619 	0.651 	0.682 	0.715 	0.748 	0.782 	0.817 	2.449 	0.890 	0.929 	0.969 	1.010 	1.054 	1.099 	1.147 	2.449 	1.251 	1.309 	1.371 	1.439 	1.513 	1.597 	1.694 	2.449 	1.950 	2.141 	2.449
0.000 	0.025 	2.445 	0.076 	0.101 	0.127 	0.152 	0.178 	0.203 	0.229 	2.445 	0.282 	0.308 	0.335 	0.362 	0.389 	0.416 	0.444 	2.445 	0.501 	2.445 	0.559 	0.589 	0.619 	0.650 	0.682 	2.445 	0.748 	2.445 	0.817 	0.853 	0.890 	0.928 	0.968 	2.445 	1.053 	2.445 	1.146 	1.197 	1.250 	1.308 	1.370 	2.445 	1.512 	2.445 	1.692 	1.806 	1.948 	2.138 	2.445
0.000 	0.025 	0.051 	0.076 	0.101 	0.127 	0.152 	0.178 	0.203 	0.229 	0.255 	0.282 	0.308 	0.335 	0.361 	0.389 	0.416 	0.444 	0.472 	0.500 	0.529 	0.559 	0.589 	0.619 	0.650 	0.682 	0.714 	0.747 	0.781 	0.816 	0.852 	0.889 	0.928 	0.968 	1.009 	1.052 	1.098 	1.146 	1.196 	1.250 	1.307 	1.369 	1.436 	1.511 	1.595 	1.691 	1.805 	1.946 	2.136 	2.441
0.000 	0.025 	0.051 	0.076 	0.101 	0.127 	2.438 	0.178 	0.203 	0.229 	0.255 	0.281 	0.308 	0.334 	2.438 	0.388 	0.416 	0.444 	0.472 	0.500 	0.529 	0.559 	2.438 	0.619 	0.650 	0.682 	0.714 	0.747 	0.781 	0.816 	2.438 	0.889 	0.928 	0.967 	1.009 	1.052 	1.097 	1.145 	2.438 	1.249 	1.306 	1.368 	1.436 	1.510 	1.594 	1.690 	2.438 	1.944 	2.133 	2.438
0.000 	0.025 	2.434 	0.076 	0.101 	0.127 	0.152 	0.178 	0.203 	0.229 	2.434 	0.281 	0.308 	0.334 	0.361 	0.388 	0.416 	0.444 	2.434 	0.500 	2.434 	0.558 	0.588 	0.619 	0.650 	0.681 	2.434 	0.747 	2.434 	0.816 	0.852 	0.889 	0.927 	0.967 	2.434 	1.052 	2.434 	1.144 	1.195 	1.248 	1.306 	1.367 	2.434 	1.509 	2.434 	1.688 	1.802 	1.942 	2.131 	2.434
0.000 	0.025 	0.050 	0.076 	0.101 	0.127 	0.152 	0.178 	0.203 	0.229 	0.255 	0.281 	0.308 	0.334 	0.361 	0.388 	0.416 	0.443 	0.472 	0.500 	0.529 	0.558 	0.588 	0.619 	0.650 	0.681 	0.714 	0.747 	0.781 	0.816 	0.851 	0.889 	0.927 	0.967 	1.008 	1.051 	1.096 	1.144 	1.194 	1.248 	1.305 	1.367 	1.434 	1.508 	1.592 	1.687 	1.800 	1.940 	2.129 	2.431
0.000 	0.025 	0.050 	0.076 	0.101 	0.127 	2.429 	0.178 	0.203 	0.229 	0.255 	0.281 	0.308 	0.334 	2.429 	0.388 	0.416 	0.443 	0.471 	0.500 	0.529 	0.558 	2.429 	0.618 	0.649 	0.681 	0.713 	0.746 	0.780 	0.815 	2.429 	0.888 	0.927 	0.966 	1.008 	1.051 	1.096 	1.143 	2.429 	1.247 	1.304 	1.366 	1.433 	1.507 	1.591 	1.686 	2.429 	1.939 	2.127 	2.429
0.000 	0.025 	2.426 	0.076 	0.101 	0.126 	0.152 	0.178 	0.203 	0.229 	2.426 	0.281 	0.308 	0.334 	0.361 	0.388 	0.416 	0.443 	2.426 	0.500 	2.426 	0.558 	0.588 	0.618 	0.649 	0.681 	2.426 	0.746 	2.426 	0.815 	0.851 	0.888 	0.926 	0.966 	2.426 	1.050 	2.426 	1.143 	1.193 	1.247 	1.304 	1.365 	2.426 	1.506 	2.426 	1.685 	1.798 	1.937 	2.125 	2.426
0.000 	0.025 	0.050 	0.076 	0.101 	0.126 	0.152 	0.178 	0.203 	0.229 	0.255 	0.281 	0.308 	0.334 	0.361 	0.388 	0.415 	0.443 	0.471 	0.500 	0.529 	0.558 	0.588 	0.618 	0.649 	0.681 	0.713 	0.746 	0.780 	0.815 	0.851 	0.888 	0.926 	0.966 	1.007 	1.050 	1.095 	1.143 	1.193 	1.246 	1.303 	1.365 	1.432 	1.506 	1.589 	1.684 	1.796 	1.936 	2.123 	2.423
0.000 	0.025 	0.050 	0.076 	0.101 	0.126 	2.421 	0.177 	0.203 	0.229 	0.255 	0.281 	0.308 	0.334 	2.421 	0.388 	0.415 	0.443 	0.471 	0.500 	0.529 	0.558 	2.421 	0.618 	0.649 	0.681 	0.713 	0.746 	0.780 	0.815 	2.421 	0.887 	0.926 	0.965 	1.007 	1.050 	1.095 	1.142 	2.421 	1.246 	1.303 	1.364 	1.431 	1.505 	1.588 	1.683 	2.421 	1.934 	2.121 	2.421
0.000 	0.025 	2.418 	0.076 	0.101 	0.126 	0.152 	0.177 	0.203 	0.229 	2.418 	0.281 	0.307 	0.334 	0.361 	0.388 	0.415 	0.443 	2.418 	0.500 	2.418 	0.558 	0.588 	0.618 	0.649 	0.680 	2.418 	0.746 	2.418 	0.814 	0.850 	0.887 	0.925 	0.965 	2.418 	1.049 	2.418 	1.142 	1.192 	1.245 	1.302 	1.363 	2.418 	1.504 	2.418 	1.682 	1.794 	1.933 	2.120 	2.418
0.000 	0.025 	0.050 	0.076 	0.101 	0.126 	0.152 	0.177 	0.203 	0.229 	0.255 	0.281 	0.307 	0.334 	0.361 	0.388 	0.415 	0.443 	0.471 	0.499 	0.528 	0.558 	0.587 	0.618 	0.649 	0.680 	0.713 	0.746 	0.779 	0.814 	0.850 	0.887 	0.925 	0.965 	1.006 	1.049 	1.094 	1.141 	1.191 	1.245 	1.302 	1.363 	1.430 	1.504 	1.586 	1.681 	1.793 	1.932 	2.118 	2.416 	
0.000 	0.025 	0.050 	0.076 	0.101 	0.126 	2.414 	0.177 	0.203 	0.229 	0.255 	0.281 	0.307 	0.334 	2.414 	0.388 	0.415 	0.443 	0.471 	0.499 	0.528 	0.558 	2.414 	0.618 	0.649 	0.680 	0.712 	0.745 	0.779 	0.814 	2.414 	0.887 	0.925 	0.965 	1.006 	1.049 	1.094 	1.141 	2.414 	1.244 	1.301 	1.362 	1.429 	1.503 	1.586 	1.680 	2.414 	1.931 	2.116 	2.414
0.000 	0.025 	2.412 	0.076 	0.101 	0.126 	0.152 	0.177 	0.203 	0.229 	2.412 	0.281 	0.307 	0.334 	0.361 	0.388 	0.415 	0.443 	2.412 	0.499 	2.412 	0.557 	0.587 	0.618 	0.648 	0.680 	2.412 	0.745 	2.412 	0.814 	0.850 	0.887 	0.925 	0.964 	2.412 	1.049 	2.412 	1.141 	1.191 	1.244 	1.301 	1.362 	2.412 	1.502 	2.412 	1.679 	1.791 	1.929 	2.115 	2.412
0.000 	0.025 	0.050 	0.076 	0.101 	0.126 	0.152 	0.177 	0.203 	0.229 	0.255 	0.281 	0.307 	0.334 	0.361 	0.388 	0.415 	0.443 	0.471 	0.499 	0.528 	0.557 	0.587 	0.617 	0.648 	0.680 	0.712 	0.745 	0.779 	0.814 	0.850 	0.886 	0.925 	0.964 	1.005 	1.048 	1.093 	1.140 	1.190 	1.243 	1.300 	1.361 	1.428 	1.502 	1.584 	1.679 	1.790 	1.928 	2.114 	2.410
0.000 	0.025 	0.050 	0.076 	0.101 	0.126 	0.152 	0.177 	0.203 	0.229 	0.255 	0.281 	0.307 	0.334 	0.361 	0.388 	0.415 	0.443 	0.471 	0.499 	0.528 	0.557 	0.587 	0.617 	0.648 	0.680 	0.712 	0.745 	0.779 	0.814 	0.849 	0.886 	0.924 	0.964 	1.005 	1.048 	1.093 	1.140 	1.190 	1.243 	1.300 	1.361 	1.428 	1.501 	1.584 	1.678 	1.789 	1.927 	2.112 	2.408
0.000 	0.025 	2.407 	0.076 	0.101 	0.126 	0.152 	0.177 	0.203 	0.229 	2.407 	0.281 	0.307 	0.334 	0.361 	0.388 	0.415 	0.443 	2.407 	0.499 	2.407 	0.557 	0.587 	0.617 	0.648 	0.680 	2.407 	0.745 	2.407 	0.813 	0.849 	0.886 	0.924 	0.964 	2.407 	1.048 	2.407 	1.140 	1.190 	1.243 	1.299 	1.361 	2.407 	1.501 	2.407 	1.677 	1.789 	1.926 	2.111 	2.407
0.000 	0.025 	0.050 	0.076 	0.101 	0.126 	2.405 	0.177 	0.203 	0.229 	0.255 	0.281 	0.307 	0.334 	2.405 	0.388 	0.415 	0.443 	0.471 	0.499 	0.528 	0.557 	2.405 	0.617 	0.648 	0.680 	0.712 	0.745 	0.779 	0.813 	2.405 	0.886 	0.924 	0.964 	1.005 	1.048 	1.092 	1.140 	2.405 	1.242 	1.299 	1.360 	1.427 	1.500 	1.582 	1.677 	2.405 	1.925 	2.110 	2.405
0.000 	0.025 	2.403 	0.076 	0.101 	0.126 	0.152 	0.177 	0.203 	0.229 	2.403 	0.281 	0.307 	0.334 	0.360 	0.388 	0.415 	0.443 	2.403 	0.499 	2.403 	0.557 	0.587 	0.617 	0.648 	0.679 	2.403 	0.745 	2.403 	0.813 	0.849 	0.886 	0.924 	0.963 	2.403 	1.047 	2.403 	1.139 	1.189 	1.242 	1.299 	1.360 	2.403 	1.500 	2.403 	1.676 	1.787 	1.924 	2.109 	2.403
0.000 	0.025 	0.050 	0.076 	0.101 	0.126 	0.152 	0.177 	0.203 	0.229 	0.255 	0.281 	0.307 	0.334 	0.360 	0.387 	0.415 	0.442 	0.471 	0.499 	0.528 	0.557 	0.587 	0.617 	0.648 	0.679 	0.712 	0.744 	0.778 	0.813 	0.849 	0.886 	0.924 	0.963 	1.004 	1.047 	1.092 	1.139 	1.189 	1.242 	1.298 	1.359 	1.426 	1.499 	1.581 	1.675 	1.786 	1.924 	2.108 	2.402
0.000 	0.025 	0.050 	0.076 	0.101 	0.126 	0.152 	0.177 	0.203 	0.229 	0.255 	0.281 	0.307 	0.334 	0.360 	0.387 	0.415 	0.442 	0.470 	0.499 	0.528 	0.557 	0.587 	0.617 	0.648 	0.679 	0.711 	0.744 	0.778 	0.813 	0.849 	0.885 	0.924 	0.963 	1.004 	1.047 	1.092 	1.139 	1.189 	1.241 	1.298 	1.359 	1.425 	1.499 	1.581 	1.675 	1.786 	1.923 	2.107 	2.400
0.000 	0.025 	2.399 	0.076 	0.101 	0.126 	0.152 	0.177 	0.203 	0.229 	2.399 	0.281 	0.307 	0.334 	0.360 	0.387 	0.415 	0.442 	2.399 	0.499 	2.399 	0.557 	0.587 	0.617 	0.648 	0.679 	2.399 	0.744 	2.399 	0.813 	0.848 	0.885 	0.923 	0.963 	2.399 	1.047 	2.399 	1.139 	1.188 	1.241 	1.298 	1.359 	2.399 	1.498 	2.399 	1.674 	1.785 	1.922 	2.106 	2.399
0.000 	0.025 	0.050 	0.076 	0.101 	0.126 	2.397 	0.177 	0.203 	0.229 	0.255 	0.281 	0.307 	0.334 	2.397 	0.387 	0.415 	0.442 	0.470 	0.499 	0.528 	0.557 	2.397 	0.617 	0.648 	0.679 	0.711 	0.744 	0.778 	0.813 	2.397 	0.885 	0.923 	0.963 	1.004 	1.046 	1.091 	1.138 	2.397 	1.241 	1.297 	1.358 	1.425 	1.498 	1.580 	1.674 	2.397 	1.921 	2.105 	2.397
0.000 	0.025 	2.396 	0.076 	0.101 	0.126 	0.152 	0.177 	0.203 	0.229 	2.396 	0.281 	0.307 	0.334 	0.360 	0.387 	0.415 	0.442 	2.396 	0.499 	2.396 	0.557 	0.586 	0.617 	0.648 	0.679 	2.396 	0.744 	2.396 	0.813 	0.848 	0.885 	0.923 	0.963 	2.396 	1.046 	2.396 	1.138 	1.188 	1.241 	1.297 	1.358 	2.396 	1.497 	2.396 	1.673 	1.784 	1.920 	2.104 	2.396
0.000 	0.025 	0.050 	0.076 	0.101 	0.126 	0.152 	0.177 	0.203 	0.229 	0.255 	0.281 	0.307 	0.334 	0.360 	0.387 	0.415 	0.442 	0.470 	0.499 	0.527 	0.557 	0.586 	0.617 	0.647 	0.679 	0.711 	0.744 	0.778 	0.812 	0.848 	0.885 	0.923 	0.962 	1.003 	1.046 	1.091 	1.138 	1.188 	1.240 	1.297 	1.358 	1.424 	1.497 	1.579 	1.673 	1.783 	1.920 	2.103 	2.395
0.000 	0.025 	0.050 	0.076 	0.101 	0.126 	0.152 	0.177 	0.203 	0.229 	0.255 	0.281 	0.307 	0.333 	0.360 	0.387 	0.415 	0.442 	0.470 	0.499 	0.527 	0.557 	0.586 	0.617 	0.647 	0.679 	0.711 	0.744 	0.778 	0.812 	0.848 	0.885 	0.923 	0.962 	1.003 	1.046 	1.091 	1.138 	1.187 	1.240 	1.297 	1.357 	1.424 	1.497 	1.578 	1.672 	1.782 	1.919 	2.102 	2.394
0.000 	0.025 	2.392 	0.076 	0.101 	0.126 	0.152 	0.177 	0.203 	0.229 	2.392 	0.281 	0.307 	0.333 	0.360 	0.387 	0.415 	0.442 	2.392 	0.499 	2.392 	0.557 	0.586 	0.616 	0.647 	0.679 	2.392 	0.744 	2.392 	0.812 	0.848 	0.885 	0.923 	0.962 	2.392 	1.046 	2.392 	1.138 	1.187 	1.240 	1.296 	1.357 	2.392 	1.496 	2.392 	1.672 	1.782 	1.918 	2.101 	2.392
0.000 	0.025 	0.050 	0.076 	0.101 	0.126 	2.391 	0.177 	0.203 	0.229 	0.254 	0.281 	0.307 	0.333 	2.391 	0.387 	0.415 	0.442 	0.470 	0.498 	0.527 	0.556 	2.391 	0.616 	0.647 	0.679 	0.711 	0.744 	0.777 	0.812 	2.391 	0.885 	0.923 	0.962 	1.003 	1.046 	1.090 	1.137 	2.391 	1.240 	1.296 	1.357 	1.423 	1.496 	1.578 	1.671 	2.391 	1.918 	2.100 	2.391
0.000 	0.025 	2.390 	0.076 	0.101 	0.126 	0.152 	0.177 	0.203 	0.229 	2.390 	0.281 	0.307 	0.333 	0.360 	0.387 	0.414 	0.442 	2.390 	0.498 	2.390 	0.556 	0.586 	0.616 	0.647 	0.679 	2.390 	0.744 	2.390 	0.812 	0.848 	0.884 	0.922 	0.962 	2.390 	1.045 	2.390 	1.137 	1.187 	1.239 	1.296 	1.357 	2.390 	1.496 	2.390 	1.671 	1.781 	1.917 	2.099 	2.390
0.000 	0.025 	0.050 	0.076 	0.101 	0.126 	0.152 	0.177 	0.203 	0.229 	0.254 	0.281 	0.307 	0.333 	0.360 	0.387 	0.414 	0.442 	0.470 	0.498 	0.527 	0.556 	0.586 	0.616 	0.647 	0.679 	0.711 	0.744 	0.777 	0.812 	0.848 	0.884 	0.922 	0.962 	1.003 	1.045 	1.090 	1.137 	1.187 	1.239 	1.296 	1.356 	1.422 	1.495 	1.577 	1.670 	1.780 	1.916 	2.099 	2.389
0.000 	0.025 	0.050 	0.076 	0.101 	0.126 	0.152 	0.177 	0.203 	0.229 	0.254 	0.281 	0.307 	0.333 	0.360 	0.387 	0.414 	0.442 	0.470 	0.498 	0.527 	0.556 	0.586 	0.616 	0.647 	0.678 	0.711 	0.743 	0.777 	0.812 	0.847 	0.884 	0.922 	0.962 	1.002 	1.045 	1.090 	1.137 	1.186 	1.239 	1.295 	1.356 	1.422 	1.495 	1.576 	1.670 	1.780 	1.916 	2.098 	2.388
0.000 	0.025 	2.387 	0.076 	0.101 	0.126 	0.152 	0.177 	0.203 	0.228 	2.387 	0.281 	0.307 	0.333 	0.360 	0.387 	0.414 	0.442 	2.387 	0.498 	2.387 	0.556 	0.586 	0.616 	0.647 	0.678 	2.387 	0.743 	2.387 	0.812 	0.847 	0.884 	0.922 	0.961 	2.387 	1.045 	2.387 	1.137 	1.186 	1.239 	1.295 	1.356 	2.387 	1.495 	2.387 	1.669 	1.779 	1.915 	2.097 	2.387
0.000 	0.025 	0.050 	0.076 	0.101 	0.126 	2.386 	0.177 	0.203 	0.228 	0.254 	0.280 	0.307 	0.333 	2.386 	0.387 	0.414 	0.442 	0.470 	0.498 	0.527 	0.556 	2.386 	0.616 	0.647 	0.678 	0.710 	0.743 	0.777 	0.812 	2.386 	0.884 	0.922 	0.961 	1.002 	1.045 	1.090 	1.136 	2.386 	1.239 	1.295 	1.356 	1.422 	1.494 	1.576 	1.669 	2.386 	1.915 	2.096 	2.386
0.000 	0.025 	2.385 	0.076 	0.101 	0.126 	0.152 	0.177 	0.203 	0.228 	2.385 	0.280 	0.307 	0.333 	0.360 	0.387 	0.414 	0.442 	2.385 	0.498 	2.385 	0.556 	0.586 	0.616 	0.647 	0.678 	2.385 	0.743 	2.385 	0.812 	0.847 	0.884 	0.922 	0.961 	2.385 	1.045 	2.385 	1.136 	1.186 	1.238 	1.295 	1.355 	2.385 	1.494 	2.385 	1.669 	1.778 	1.914 	2.096 	2.385
0.000 	0.025 	0.050 	0.076 	0.101 	0.126 	0.152 	0.177 	0.203 	0.228 	0.254 	0.280 	0.307 	0.333 	0.360 	0.387 	0.414 	0.442 	0.470 	0.498 	0.527 	0.556 	0.586 	0.616 	0.647 	0.678 	0.710 	0.743 	0.777 	0.811 	0.847 	0.884 	0.922 	0.961 	1.002 	1.045 	1.089 	1.136 	1.186 	1.238 	1.295 	1.355 	1.421 	1.494 	1.575 	1.668 	1.778 	1.914 	2.095 	2.384
0.000 	0.025 	0.050 	0.076 	0.101 	0.126 	0.152 	0.177 	0.203 	0.228 	0.254 	0.280 	0.307 	0.333 	0.360 	0.387 	0.414 	0.442 	0.470 	0.498 	0.527 	0.556 	0.586 	0.616 	0.647 	0.678 	0.710 	0.743 	0.777 	0.811 	0.847 	0.884 	0.922 	0.961 	1.002 	1.045 	1.089 	1.136 	1.186 	1.238 	1.294 	1.355 	1.421 	1.494 	1.575 	1.668 	1.778 	1.913 	2.095 	2.383
0.000 	0.025 	2.382 	0.076 	0.101 	0.126 	0.152 	0.177 	0.203 	0.228 	2.382 	0.280 	0.307 	0.333 	0.360 	0.387 	0.414 	0.442 	2.382 	0.498 	2.382 	0.556 	0.586 	0.616 	0.647 	0.678 	2.382 	0.743 	2.382 	0.811 	0.847 	0.884 	0.922 	0.961 	2.382 	1.044 	2.382 	1.136 	1.185 	1.238 	1.294 	1.355 	2.382 	1.493 	2.382 	1.668 	1.777 	1.913 	2.094 	2.382
0.000 	0.025 	0.050 	0.076 	0.101 	0.126 	2.382 	0.177 	0.203 	0.228 	0.254 	0.280 	0.307 	0.333 	2.382 	0.387 	0.414 	0.442 	0.470 	0.498 	0.527 	0.556 	2.382 	0.616 	0.647 	0.678 	0.710 	0.743 	0.777 	0.811 	2.382 	0.884 	0.922 	0.961 	1.002 	1.044 	1.089 	1.136 	2.382 	1.238 	1.294 	1.354 	1.420 	1.493 	1.574 	1.667 	2.382 	1.912 	2.093 	2.382
0.000 	0.025 	2.381 	0.076 	0.101 	0.126 	0.152 	0.177 	0.203 	0.228 	2.381 	0.280 	0.307 	0.333 	0.360 	0.387 	0.414 	0.442 	2.381 	0.498 	2.381 	0.556 	0.586 	0.616 	0.647 	0.678 	2.381 	0.743 	2.381 	0.811 	0.847 	0.883 	0.921 	0.961 	2.381 	1.044 	2.381 	1.136 	1.185 	1.238 	1.294 	1.354 	2.381 	1.493 	2.381 	1.667 	1.776 	1.912 	2.093 	2.381
0.000 	0.025 	0.050 	0.076 	0.101 	0.126 	0.152 	0.177 	0.203 	0.228 	0.254 	0.280 	0.307 	0.333 	0.360 	0.387 	0.414 	0.442 	0.470 	0.498 	0.527 	0.556 	0.586 	0.616 	0.647 	0.678 	0.710 	0.743 	0.777 	0.811 	0.847 	0.883 	0.921 	0.961 	1.001 	1.044 	1.089 	1.135 	1.185 	1.237 	1.294 	1.354 	1.420 	1.492 	1.574 	1.667 	1.776 	1.911 	2.092 	2.380
0.000 	0.025 	0.050 	0.076 	0.101 	0.126 	0.152 	0.177 	0.203 	0.228 	0.254 	0.280 	0.307 	0.333 	0.360 	0.387 	0.414 	0.442 	0.470 	0.498 	0.527 	0.556 	0.586 	0.616 	0.647 	0.678 	0.710 	0.743 	0.776 	0.811 	0.847 	0.883 	0.921 	0.961 	1.001 	1.044 	1.089 	1.135 	1.185 	1.237 	1.293 	1.354 	1.420 	1.492 	1.573 	1.666 	1.776 	1.911 	2.092 	2.379
0.000 	0.025 	2.379 	0.076 	0.101 	0.126 	0.151 	0.177 	0.203 	0.228 	2.379 	0.280 	0.307 	0.333 	0.360 	0.387 	0.414 	0.442 	2.379 	0.498 	2.379 	0.556 	0.586 	0.616 	0.646 	0.678 	2.379 	0.743 	2.379 	0.811 	0.847 	0.883 	0.921 	0.960 	2.379 	1.044 	2.379 	1.135 	1.185 	1.237 	1.293 	1.354 	2.379 	1.492 	2.379 	1.666 	1.775 	1.910 	2.091 	2.379
0.000 	0.025 	0.050 	0.076 	0.101 	0.126 	2.378 	0.177 	0.203 	0.228 	0.254 	0.280 	0.307 	0.333 	2.378 	0.387 	0.414 	0.442 	0.470 	0.498 	0.527 	0.556 	2.378 	0.616 	0.646 	0.678 	0.710 	0.743 	0.776 	0.811 	2.378 	0.883 	0.921 	0.960 	1.001 	1.044 	1.088 	1.135 	2.378 	1.237 	1.293 	1.354 	1.419 	1.492 	1.573 	1.666 	2.378 	1.910 	2.091 	2.378
0.000 	0.025 	2.377 	0.076 	0.101 	0.126 	0.151 	0.177 	0.203 	0.228 	2.377 	0.280 	0.307 	0.333 	0.360 	0.387 	0.414 	0.442 	2.377 	0.498 	2.377 	0.556 	0.585 	0.616 	0.646 	0.678 	2.377 	0.743 	2.377 	0.811 	0.846 	0.883 	0.921 	0.960 	2.377 	1.044 	2.377 	1.135 	1.184 	1.237 	1.293 	1.353 	2.377 	1.492 	2.377 	1.665 	1.775 	1.910 	2.090 	2.377
0.000 	0.025 	0.050 	0.076 	0.101 	0.126 	0.151 	0.177 	0.203 	0.228 	0.254 	0.280 	0.307 	0.333 	0.360 	0.387 	0.414 	0.442 	0.470 	0.498 	0.527 	0.556 	0.585 	0.616 	0.646 	0.678 	0.710 	0.743 	0.776 	0.811 	0.846 	0.883 	0.921 	0.960 	1.001 	1.044 	1.088 	1.135 	1.184 	1.237 	1.293 	1.353 	1.419 	1.491 	1.572 	1.665 	1.774 	1.909 	2.090 	2.376
0.000 	0.025 	0.050 	0.076 	0.101 	0.126 	0.151 	0.177 	0.203 	0.228 	0.254 	0.280 	0.307 	0.333 	0.360 	0.387 	0.414 	0.442 	0.470 	0.498 	0.527 	0.556 	0.585 	0.616 	0.646 	0.678 	0.710 	0.743 	0.776 	0.811 	0.846 	0.883 	0.921 	0.960 	1.001 	1.043 	1.088 	1.135 	1.184 	1.237 	1.293 	1.353 	1.419 	1.491 	1.572 	1.665 	1.774 	1.909 	2.089 	2.376
0.000 	0.025 	2.375 	0.076 	0.101 	0.126 	0.151 	0.177 	0.203 	0.228 	2.375 	0.280 	0.307 	0.333 	0.360 	0.387 	0.414 	0.442 	2.375 	0.498 	2.375 	0.556 	0.585 	0.616 	0.646 	0.678 	2.375 	0.743 	2.375 	0.811 	0.846 	0.883 	0.921 	0.960 	2.375 	1.043 	2.375 	1.135 	1.184 	1.236 	1.292 	1.353 	2.375 	1.491 	2.375 	1.665 	1.774 	1.909 	2.089 	2.375
0.000 	0.025 	0.050 	0.076 	0.101 	0.126 	2.374 	0.177 	0.203 	0.228 	0.254 	0.280 	0.307 	0.333 	2.374 	0.387 	0.414 	0.442 	0.470 	0.498 	0.527 	0.556 	2.374 	0.615 	0.646 	0.678 	0.710 	0.742 	0.776 	0.811 	2.374 	0.883 	0.921 	0.960 	1.001 	1.043 	1.088 	1.135 	2.374 	1.236 	1.292 	1.353 	1.418 	1.491 	1.572 	1.664 	2.374 	1.908 	2.088 	2.374
0.000 	0.025 	2.374 	0.076 	0.101 	0.126 	0.151 	0.177 	0.203 	0.228 	2.374 	0.280 	0.307 	0.333 	0.360 	0.387 	0.414 	0.442 	2.374 	0.498 	2.374 	0.556 	0.585 	0.615 	0.646 	0.678 	2.374 	0.742 	2.374 	0.811 	0.846 	0.883 	0.921 	0.960 	2.374 	1.043 	2.374 	1.134 	1.184 	1.236 	1.292 	1.353 	2.374 	1.491 	2.374 	1.664 	1.773 	1.908 	2.088 	2.374
0.000 	0.025 	0.050 	0.076 	0.101 	0.126 	0.151 	0.177 	0.203 	0.228 	0.254 	0.280 	0.307 	0.333 	0.360 	0.387 	0.414 	0.442 	0.469 	0.498 	0.526 	0.556 	0.585 	0.615 	0.646 	0.678 	0.710 	0.742 	0.776 	0.811 	0.846 	0.883 	0.921 	0.960 	1.001 	1.043 	1.088 	1.134 	1.184 	1.236 	1.292 	1.352 	1.418 	1.490 	1.571 	1.664 	1.773 	1.908 	2.087 	2.373
0.000 	0.025 	0.050 	0.076 	0.101 	0.126 	0.151 	0.177 	0.203 	0.228 	0.254 	0.280 	0.307 	0.333 	0.360 	0.387 	0.414 	0.442 	0.469 	0.498 	0.526 	0.556 	0.585 	0.615 	0.646 	0.677 	0.710 	0.742 	0.776 	0.810 	0.846 	0.883 	0.921 	0.960 	1.001 	1.043 	1.088 	1.134 	1.184 	1.236 	1.292 	1.352 	1.418 	1.490 	1.571 	1.664 	1.773 	1.907 	2.087 	2.373
0.000 	0.025 	2.372 	0.075 	0.101 	0.126 	0.151 	0.177 	0.203 	0.228 	2.372 	0.280 	0.306 	0.333 	0.360 	0.387 	0.414 	0.441 	2.372 	0.498 	2.372 	0.556 	0.585 	0.615 	0.646 	0.677 	2.372 	0.742 	2.372 	0.810 	0.846 	0.883 	0.920 	0.960 	2.372 	1.043 	2.372 	1.134 	1.183 	1.236 	1.292 	1.352 	2.372 	1.490 	2.372 	1.663 	1.772 	1.907 	2.087 	2.372
0.000 	0.025 	0.050 	0.075 	0.101 	0.126 	2.372 	0.177 	0.203 	0.228 	0.254 	0.280 	0.306 	0.333 	2.372 	0.387 	0.414 	0.441 	0.469 	0.498 	0.526 	0.556 	2.372 	0.615 	0.646 	0.677 	0.709 	0.742 	0.776 	0.810 	2.372 	0.883 	0.920 	0.960 	1.000 	1.043 	1.087 	1.134 	2.372 	1.236 	1.292 	1.352 	1.418 	1.490 	1.571 	1.663 	2.372 	1.907 	2.086 	2.372
0.000 	0.025 	2.371 	0.075 	0.101 	0.126 	0.151 	0.177 	0.203 	0.228 	2.371 	0.280 	0.306 	0.333 	0.360 	0.387 	0.414 	0.441 	2.371 	0.498 	2.371 	0.556 	0.585 	0.615 	0.646 	0.677 	2.371 	0.742 	2.371 	0.810 	0.846 	0.882 	0.920 	0.960 	2.371 	1.043 	2.371 	1.134 	1.183 	1.236 	1.292 	1.352 	2.371 	1.490 	2.371 	1.663 	1.772 	1.906 	2.086 	2.371
0.000 	0.025 	0.050 	0.075 	0.101 	0.126 	0.151 	0.177 	0.203 	0.228 	0.254 	0.280 	0.306 	0.333 	0.360 	0.387 	0.414 	0.441 	0.469 	0.498 	0.526 	0.555 	0.585 	0.615 	0.646 	0.677 	0.709 	0.742 	0.776 	0.810 	0.846 	0.882 	0.920 	0.959 	1.000 	1.043 	1.087 	1.134 	1.183 	1.236 	1.291 	1.352 	1.417 	1.490 	1.570 	1.663 	1.772 	1.906 	2.085 	2.370
0.000 	0.025 	0.050 	0.075 	0.101 	0.126 	0.151 	0.177 	0.202 	0.228 	0.254 	0.280 	0.306 	0.333 	0.360 	0.387 	0.414 	0.441 	0.469 	0.498 	0.526 	0.555 	0.585 	0.615 	0.646 	0.677 	0.709 	0.742 	0.776 	0.810 	0.846 	0.882 	0.920 	0.959 	1.000 	1.043 	1.087 	1.134 	1.183 	1.235 	1.291 	1.352 	1.417 	1.489 	1.570 	1.663 	1.771 	1.906 	2.085 	2.370
0.000 	0.025 	2.369 	0.075 	0.101 	0.126 	0.151 	0.177 	0.202 	0.228 	2.369 	0.280 	0.306 	0.333 	0.360 	0.387 	0.414 	0.441 	2.369 	0.498 	2.369 	0.555 	0.585 	0.615 	0.646 	0.677 	2.369 	0.742 	2.369 	0.810 	0.846 	0.882 	0.920 	0.959 	2.369 	1.043 	2.369 	1.134 	1.183 	1.235 	1.291 	1.351 	2.369 	1.489 	2.369 	1.662 	1.771 	1.905 	2.085 	2.369
0.000 	0.025 	0.050 	0.075 	0.101 	0.126 	2.369 	0.177 	0.202 	0.228 	0.254 	0.280 	0.306 	0.333 	2.369 	0.387 	0.414 	0.441 	0.469 	0.498 	0.526 	0.555 	2.369 	0.615 	0.646 	0.677 	0.709 	0.742 	0.776 	0.810 	2.369 	0.882 	0.920 	0.959 	1.000 	1.043 	1.087 	1.134 	2.369 	1.235 	1.291 	1.351 	1.417 	1.489 	1.570 	1.662 	2.369 	1.905 	2.084 	2.369
0.000 	0.025 	2.368 	0.075 	0.101 	0.126 	0.151 	0.177 	0.202 	0.228 	2.368 	0.280 	0.306 	0.333 	0.360 	0.387 	0.414 	0.441 	2.368 	0.498 	2.368 	0.555 	0.585 	0.615 	0.646 	0.677 	2.368 	0.742 	2.368 	0.810 	0.846 	0.882 	0.920 	0.959 	2.368 	1.042 	2.368 	1.134 	1.183 	1.235 	1.291 	1.351 	2.368 	1.489 	2.368 	1.662 	1.771 	1.905 	2.084 	2.368
0.000 	0.025 	0.050 	0.075 	0.101 	0.126 	0.151 	0.177 	0.202 	0.228 	0.254 	0.280 	0.306 	0.333 	0.360 	0.387 	0.414 	0.441 	0.469 	0.498 	0.526 	0.555 	0.585 	0.615 	0.646 	0.677 	0.709 	0.742 	0.776 	0.810 	0.846 	0.882 	0.920 	0.959 	1.000 	1.042 	1.087 	1.133 	1.183 	1.235 	1.291 	1.351 	1.417 	1.489 	1.570 	1.662 	1.770 	1.905 	2.084 	2.368
0.000 	0.025 	0.050 	0.075 	0.101 	0.126 	0.151 	0.177 	0.202 	0.228 	0.254 	0.280 	0.306 	0.333 	0.360 	0.387 	0.414 	0.441 	0.469 	0.498 	0.526 	0.555 	0.585 	0.615 	0.646 	0.677 	0.709 	0.742 	0.776 	0.810 	0.846 	0.882 	0.920 	0.959 	1.000 	1.042 	1.087 	1.133 	1.183 	1.235 	1.291 	1.351 	1.417 	1.489 	1.569 	1.662 	1.770 	1.904 	2.083 	2.368
0.000 	0.025 	2.367 	0.075 	0.101 	0.126 	0.151 	0.177 	0.202 	0.228 	2.367 	0.280 	0.306 	0.333 	0.360 	0.387 	0.414 	0.441 	2.367 	0.498 	2.367 	0.555 	0.585 	0.615 	0.646 	0.677 	2.367 	0.742 	2.367 	0.810 	0.846 	0.882 	0.920 	0.959 	2.367 	1.042 	2.367 	1.133 	1.183 	1.235 	1.291 	1.351 	2.367 	1.489 	2.367 	1.661 	1.770 	1.904 	2.083 	2.367
0.000 	0.025 	0.050 	0.075 	0.101 	0.126 	2.367 	0.177 	0.202 	0.228 	0.254 	0.280 	0.306 	0.333 	2.367 	0.386 	0.414 	0.441 	0.469 	0.497 	0.526 	0.555 	2.367 	0.615 	0.646 	0.677 	0.709 	0.742 	0.775 	0.810 	2.367 	0.882 	0.920 	0.959 	1.000 	1.042 	1.087 	1.133 	2.367 	1.235 	1.291 	1.351 	1.416 	1.488 	1.569 	1.661 	2.367 	1.904 	2.083 	2.367
0.000 	0.025 	2.366 	0.075 	0.101 	0.126 	0.151 	0.177 	0.202 	0.228 	2.366 	0.280 	0.306 	0.333 	0.360 	0.386 	0.414 	0.441 	2.366 	0.497 	2.366 	0.555 	0.585 	0.615 	0.646 	0.677 	2.366 	0.742 	2.366 	0.810 	0.845 	0.882 	0.920 	0.959 	2.366 	1.042 	2.366 	1.133 	1.182 	1.235 	1.291 	1.351 	2.366 	1.488 	2.366 	1.661 	1.770 	1.904 	2.082 	2.366
0.000 	0.025 	0.050 	0.075 	0.101 	0.126 	0.151 	0.177 	0.202 	0.228 	0.254 	0.280 	0.306 	0.333 	0.360 	0.386 	0.414 	0.441 	0.469 	0.497 	0.526 	0.555 	0.585 	0.615 	0.646 	0.677 	0.709 	0.742 	0.775 	0.810 	0.845 	0.882 	0.920 	0.959 	1.000 	1.042 	1.086 	1.133 	1.182 	1.235 	1.290 	1.351 	1.416 	1.488 	1.569 	1.661 	1.769 	1.903 	2.082 	2.366
0.000 	0.025 	0.050 	0.075 	0.101 	0.126 	0.151 	0.177 	0.202 	0.228 	0.254 	0.280 	0.306 	0.333 	0.360 	0.386 	0.414 	0.441 	0.469 	0.497 	0.526 	0.555 	0.585 	0.615 	0.646 	0.677 	0.709 	0.742 	0.775 	0.810 	0.845 	0.882 	0.920 	0.959 	1.000 	1.042 	1.086 	1.133 	1.182 	1.234 	1.290 	1.350 	1.416 	1.488 	1.569 	1.661 	1.769 	1.903 	2.082 	2.365
0.000 	0.025 	2.365 	0.075 	0.101 	0.126 	0.151 	0.177 	0.202 	0.228 	2.365 	0.280 	0.306 	0.333 	0.359 	0.386 	0.414 	0.441 	2.365 	0.497 	2.365 	0.555 	0.585 	0.615 	0.646 	0.677 	2.365 	0.742 	2.365 	0.810 	0.845 	0.882 	0.920 	0.959 	2.365 	1.042 	2.365 	1.133 	1.182 	1.234 	1.290 	1.350 	2.365 	1.488 	2.365 	1.661 	1.769 	1.903 	2.081 	2.365
0.000 	0.025 	0.050 	0.075 	0.101 	0.126 	2.365 	0.177 	0.202 	0.228 	0.254 	0.280 	0.306 	0.333 	2.365 	0.386 	0.414 	0.441 	0.469 	0.497 	0.526 	0.555 	2.365 	0.615 	0.646 	0.677 	0.709 	0.742 	0.775 	0.810 	2.365 	0.882 	0.920 	0.959 	0.999 	1.042 	1.086 	1.133 	2.365 	1.234 	1.290 	1.350 	1.416 	1.488 	1.568 	1.660 	2.365 	1.903 	2.081 	2.365
0.000 	0.025 	2.364 	0.075 	0.101 	0.126 	0.151 	0.177 	0.202 	0.228 	2.364 	0.280 	0.306 	0.333 	0.359 	0.386 	0.414 	0.441 	2.364 	0.497 	2.364 	0.555 	0.585 	0.615 	0.646 	0.677 	2.364 	0.742 	2.364 	0.810 	0.845 	0.882 	0.920 	0.959 	2.364 	1.042 	2.364 	1.133 	1.182 	1.234 	1.290 	1.350 	2.364 	1.488 	2.364 	1.660 	1.769 	1.902 	2.081 	2.364
